1548809202.916336298 0.000000000 0.000000000 1.000000000 -0.707106781 0.000000000 0.000000000 0.707106781
1548809205.883393288 -0.001364003 -0.326715563 1.009858316 -0.706192874 0.002612509 -0.000222705 0.708014653
1548809206.816849470 -0.009094403 -0.661549693 1.016354398 -0.703232998 0.002158391 -0.000230154 0.710956144
1548809207.683630228 -0.013485469 -0.989768569 1.022491352 -0.704475737 -0.013809295 0.013887437 0.709457806
1548809208.517073393 -0.005098610 -1.301008260 1.028633443 -0.706243518 -0.021584098 0.019308991 0.707376408
1548809209.317179441 0.007014694 -1.603513289 1.035284222 -0.704909509 -0.023223008 0.020277509 0.708626911
1548809210.150622129 0.019026735 -1.915417413 1.042721393 -0.706835308 -0.010811578 0.008149939 0.707248567
1548809210.950727224 0.021038342 -2.218574679 1.052055965 -0.706800315 -0.004166146 0.002252857 0.707397260
1548809211.750833511 0.017770816 -2.534041348 1.056722319 -0.701827991 -0.002702774 0.000717156 0.712340966
1548809212.650054455 0.014672636 -2.876177259 1.062681057 -0.703383167 -0.001774503 -0.000687885 0.710808342
1548809213.550173283 0.011896606 -3.211400590 1.069479221 -0.707933129 -0.000989608 0.001076649 0.706277952
1548809214.350278378 0.006905249 -3.522890700 1.078599507 -0.706109983 -0.000115290 -0.001192742 0.708101162
1548809215.250397205 0.001112832 -3.871819735 1.079346645 -0.703994046 0.001636907 -0.000601833 0.710203733
1548809216.050502300 -0.010230830 -4.185155813 1.088982633 -0.703421612 0.004194107 0.000325761 0.710760395
1548809216.950621128 -0.014677109 -4.526302508 1.097582521 -0.701567989 0.001850720 -0.001103240 0.712599266
1548809217.850739241 -0.021086838 -4.863096326 1.108796416 -0.704802638 0.005163325 -0.000404880 0.709384534
1548809218.750858307 -0.032895695 -5.201037478 1.118657828 -0.707810513 0.004425983 -0.000541908 0.706388275
1548809219.650977373 -0.038968639 -5.546037807 1.126276477 -0.706619124 0.003926511 -0.002957552 0.707577027
1548809220.418547153 -0.033382574 -5.873994750 1.131429164 -0.702975424 0.003172501 -0.003271970 0.711199538
1548809221.318666220 -0.042854016 -6.207614379 1.138692741 -0.706167915 0.003853240 -0.004635149 0.708018746
1548809222.217981100 -0.051154883 -6.543263089 1.147456014 -0.708266510 0.005129613 -0.003672725 0.705916957
1548809223.018087387 -0.053331900 -6.827062956 1.150975862 -0.708522863 0.005570159 -0.002501332 0.705661441
1548809223.818192482 -0.057942159 -7.124726541 1.159487498 -0.710089356 -0.011829973 0.014228277 0.703868393
1548809224.618298292 -0.056834211 -7.431135062 1.166302849 -0.708206053 -0.015777658 0.013855500 0.705693472
1548809225.518416405 -0.049332955 -7.774819538 1.178224300 -0.706276018 -0.019731647 0.014828641 0.707506155
1548809226.451872349 -0.038801040 -8.113834033 1.187070681 -0.709247756 -0.021048492 0.015900316 0.704465586
1548809227.318653107 -0.022996638 -8.442266159 1.195790469 -0.709227346 -0.019586110 0.016528506 0.704513850
1548809228.118759394 -0.008388070 -8.738986973 1.206118353 -0.710364777 -0.019172655 0.018031544 0.703341422
1548809228.917977333 0.003674427 -9.044550334 1.214477021 -0.708256239 -0.017895010 0.018489093 0.705486373
1548809229.718083382 0.013277231 -9.352704535 1.222385099 -0.707499243 -0.017706863 0.017831474 0.706267177
1548809230.518188238 0.021732196 -9.656718593 1.230665440 -0.707980578 -0.018472409 0.017289862 0.705778529
1548809231.418306351 0.040319923 -10.006138562 1.240780415 -0.705832845 -0.013094661 0.016287191 0.708070090
1548809232.218412399 0.044416043 -10.310419356 1.245979251 -0.706695230 0.000197473 0.000061304 0.707518063
1548809233.017538309 0.044174970 -10.616102151 1.254516196 -0.706192667 0.003963934 -0.001299797 0.708007426
1548809233.950995207 0.039516747 -10.962474811 1.260751458 -0.708335183 0.005856335 -0.001348651 0.705850659
1548809234.851113319 0.026332719 -11.305712979 1.268221206 -0.705670485 0.002085946 -0.001809351 0.708534785
1548809235.651219130 0.016606980 -11.611041069 1.274303697 -0.704907126 -0.014965051 0.015118096 0.708980559
1548809236.586645365 0.037950070 -11.961506155 1.281404109 -0.704405549 -0.054642343 0.058125291 0.705300282
1548809237.486763239 0.086761904 -12.304562491 1.288289478 -0.701772537 -0.055135918 0.058668321 0.707837104
1548809238.320207357 0.141665142 -12.590677877 1.283609325 -0.701909160 -0.047318625 0.053361672 0.708686822
1548809239.219450474 0.184401369 -12.919520407 1.290869656 -0.706725057 -0.028258176 0.037176433 0.705945523
1548809240.018589258 0.195750770 -13.188112325 1.304748278 -0.706706979 -0.024055461 0.036681857 0.706145184
1548809240.818694353 0.218850949 -13.487739897 1.309694320 -0.706088546 -0.013195767 0.024038442 0.707592390
1548809241.651068449 0.234041534 -13.806503493 1.318081006 -0.704992998 -0.007425230 0.021866024 0.708838215
1548809242.551187277 0.240213373 -14.147249675 1.323156730 -0.705461761 -0.007694227 0.019603970 0.708435027
1548809243.383450270 0.248206628 -14.466960823 1.329071320 -0.703096838 0.003364228 0.008069652 0.711040364
1548809244.183555365 0.245971449 -14.766316217 1.333250604 -0.704483107 0.003635857 0.008022326 0.709666100
1548809244.983661413 0.244131388 -15.063980562 1.336893735 -0.705555888 0.004869818 0.007253903 0.708600420
1548809245.783766270 0.240716221 -15.368373622 1.344273451 -0.705794271 0.003752196 0.006686810 0.708375363
1548809246.683885336 0.238541932 -15.713174317 1.348342326 -0.704434538 0.005442582 0.005625958 0.709725798
1548809247.483990192 0.235386049 -16.016892756 1.353936150 -0.704356607 0.005323970 0.005426692 0.709805591
1548809248.284095287 0.229069734 -16.318454189 1.358648761 -0.702299616 0.003167547 0.005873979 0.711850204
1548809249.084201097 0.228814976 -16.619502176 1.362691506 -0.704638113 -0.014882940 0.023897137 0.709008149
1548809249.884306192 0.245647126 -16.918082674 1.365596449 -0.706535012 -0.014243482 0.026742408 0.707029168
1548809250.684412479 0.254529238 -17.217466175 1.371546431 -0.704308279 -0.016240677 0.025178576 0.709261678
1548809251.617868185 0.270284135 -17.564313056 1.378193446 -0.705556568 -0.017166877 0.024732755 0.708013784
1548809252.551324368 0.296115729 -17.940427012 1.424368344 -0.707420664 -0.017414652 0.026658311 0.706075115
1548809253.351430416 0.310990386 -18.241110776 1.433976373 -0.706038296 -0.017914878 0.026945647 0.707434035
1548809254.151535273 0.326767295 -18.545092638 1.440414967 -0.707145132 -0.017017878 0.026676029 0.706360066
1548809255.051654339 0.344104023 -18.879907652 1.449308460 -0.709891149 -0.017889593 0.026739391 0.703576239
1548809255.885097265 0.354917832 -19.196085898 1.460344336 -0.709341639 -0.018957377 0.024433594 0.704186095
1548809256.718540192 0.370882688 -19.515411292 1.471620778 -0.708870525 -0.020013331 0.026993897 0.704537703
1548809257.518645287 0.386198940 -19.826497479 1.478552077 -0.705571999 -0.018313615 0.024895682 0.707963961
1548809258.318751335 0.400813997 -20.127763548 1.485447003 -0.706359292 -0.018258363 0.026446037 0.707123603
1548809259.152194262 0.412455705 -20.439768866 1.495426354 -0.707254183 -0.026178500 0.032824862 0.705711510
1548809260.052312374 0.437201855 -20.778683503 1.505427058 -0.708037579 -0.024154892 0.033059554 0.704986804
1548809260.852418423 0.457861077 -21.082771193 1.513044186 -0.707841734 -0.025649734 0.034201323 0.705076195
1548809261.652523279 0.477598032 -21.389433840 1.521352572 -0.705488370 -0.026943291 0.034489363 0.707368859
1548809262.485966444 0.504392992 -21.707511738 1.526608448 -0.703743429 -0.024858677 0.034613283 0.709174981
1548809263.819475174 0.526311759 -22.024007461 1.531286087 -0.703728865 -0.025114555 0.033843196 0.709217585
1548809265.252997398 0.540794549 -22.354309983 1.538216395 -0.706135232 0.007564774 0.000089182 0.708036581
1548809266.586506128 0.535504874 -22.660258253 1.545945151 -0.707969009 0.009941997 -0.000311642 0.706173450
1548809268.053366184 0.525983722 -22.971270120 1.554631649 -0.707747035 0.009460427 0.000709662 0.706402245
1548809269.486888170 0.518375851 -23.288340771 1.563228827 -0.705153950 0.009274369 0.002832945 0.708987918
1548809276.187771320 0.516477907 -23.607058548 1.569276392 -0.703404342 0.042054106 -0.029294304 0.708939792
1548809278.554750204 0.472857996 -23.915985584 1.573234313 -0.700541458 0.042643480 -0.026436636 0.711845702
1548809281.491685390 0.441107852 -24.220089437 1.578907666 -0.704042648 0.017069489 -0.001801349 0.709950236
1548809284.125366211 0.432875693 -24.496506333 1.580555986 -0.703236633 0.009242159 0.006357576 0.710867359
1548809286.061425447 0.427288928 -24.767759346 1.585828425 -0.699069141 0.008738588 0.005918626 0.714976184
1548809288.466166258 0.440121519 -25.069523813 1.595645174 -0.711455950 0.015950745 0.013825776 0.702413591
1548809290.566666126 0.413925927 -25.380487437 1.596374164 -0.707190084 0.009444585 0.001862514 0.706957931
1548809292.766732216 0.411875962 -25.683266007 1.627702064 -0.681823835 0.018790933 -0.008006974 0.731231186
1548809296.333622217 0.381379134 -25.813670891 1.610773105 -0.707246779 -0.069798270 0.085910910 0.698247457
1548809298.033233404 0.357078298 -25.848734348 1.612541196 -0.688621285 -0.159651446 0.185597545 0.682543547
1548809299.266393423 0.357495288 -25.926982625 1.614946498 -0.655003723 -0.254300231 0.285615036 0.651709726
1548809300.433213234 0.374217050 -26.000348351 1.617944925 -0.605801258 -0.347639494 0.383097312 0.604473381
1548809301.530213356 0.361542319 -26.036891372 1.622410563 -0.544886243 -0.427928217 0.470099161 0.546793564
1548809302.594465256 0.280668320 -26.076669373 1.626084174 -0.476830538 -0.495960069 0.542172645 0.482395139
1548809303.665302277 0.133216770 -26.146895614 1.632250972 -0.399946722 -0.553453168 0.605950815 0.408112509
1548809304.865262270 -0.117511174 -26.315570174 1.647417774 -0.333025454 -0.593289102 0.645659761 0.346735578
1548809305.966904402 -0.383100366 -26.482153157 1.662887164 -0.330073238 -0.595921729 0.645614695 0.345124058
1548809307.035032272 -0.631217021 -26.623553447 1.674062748 -0.352204577 -0.583547094 0.632531606 0.367870212
1548809307.933973312 -0.826723296 -26.669299565 1.682042960 -0.410193072 -0.547513902 0.595172966 0.421591404
1548809309.165622234 -1.154082245 -26.719976938 1.694026930 -0.445431454 -0.521692719 0.565384256 0.458004552
1548809310.099078417 -1.480997491 -26.772025875 1.703662172 -0.452831386 -0.518464581 0.557404728 0.464153189
1548809311.031296253 -1.813468719 -26.782701889 1.709684947 -0.486844624 -0.489481080 0.527347595 0.495272752
1548809311.964034319 -2.150935902 -26.759351314 1.714009296 -0.506051372 -0.468004614 0.506666805 0.517853685
1548809312.864153385 -2.490622747 -26.735627204 1.723769592 -0.507141822 -0.466547773 0.507241972 0.517538336
1548809313.697596312 -2.804848185 -26.715224971 1.730326157 -0.507138770 -0.467515843 0.508187279 0.515737233
1548809314.531039238 -3.120007339 -26.701362525 1.737564261 -0.502011038 -0.472565022 0.512512326 0.511857728
1548809315.364482403 -3.434040930 -26.693760838 1.741226727 -0.496819435 -0.479141827 0.517938666 0.505304954
1548809316.197132349 -3.738819735 -26.690189038 1.745079800 -0.490198000 -0.483069910 0.525863989 0.499816414
1548809317.130588531 -4.088429172 -26.700436287 1.752872351 -0.484628483 -0.490906005 0.529697030 0.493525667
1548809318.064045429 -4.434920786 -26.716293295 1.762534639 -0.479154834 -0.494403369 0.536115452 0.488422129
1548809318.997501135 -4.782628833 -26.735977195 1.770938599 -0.476579298 -0.495799644 0.538415056 0.486994983
1548809319.830944300 -5.097202129 -26.753738272 1.779523616 -0.475086626 -0.496248036 0.539958175 0.486287727
1548809320.731063366 -5.430865446 -26.776839249 1.791537655 -0.478033931 -0.493188343 0.536209743 0.490640328
1548809321.597844124 -5.756007238 -26.778890483 1.801027527 -0.487822148 -0.481077169 0.526624024 0.503250878
1548809322.431287289 -6.073463227 -26.783525003 1.810144007 -0.489068510 -0.481905090 0.523901313 0.504090162
1548809323.231392145 -6.377123255 -26.781231177 1.818048498 -0.490853094 -0.481424255 0.523394844 0.503340605
1548809324.031498194 -6.680579179 -26.780419693 1.826404259 -0.493649060 -0.480069438 0.520559503 0.504838334
1548809324.964954376 -7.021763801 -26.773004393 1.835757495 -0.495274362 -0.475280959 0.520386627 0.507945937
1548809325.798397303 -7.332505488 -26.764766335 1.845291182 -0.497336559 -0.474454565 0.517995401 0.509146322
1548809326.598502398 -7.623336046 -26.751114908 1.851610985 -0.499433692 -0.475240018 0.517144531 0.507222286
1548809327.431945324 -7.936544761 -26.743778275 1.855821775 -0.500228801 -0.474727562 0.516865295 0.507203269
1548809328.365402460 -8.280175430 -26.736623954 1.866865722 -0.496941621 -0.475017742 0.518813849 0.508172570
1548809329.198845148 -8.591813179 -26.735649110 1.873436383 -0.496139573 -0.475338943 0.520839854 0.506580952
1548809329.998950481 -8.899676741 -26.734897752 1.879040687 -0.494083254 -0.481692093 0.523543113 0.499757016
1548809330.933200359 -9.248283471 -26.742818847 1.888650863 -0.484094628 -0.490013687 0.533100387 0.491266685
1548809331.866656303 -9.589340194 -26.766988656 1.895570531 -0.477638840 -0.490756775 0.538582942 0.490863873
1548809332.765877247 -9.926710538 -26.780321387 1.908934941 -0.479409981 -0.491053046 0.537479155 0.490050134
1548809333.565983295 -10.230871596 -26.798036680 1.916618484 -0.476187217 -0.495399803 0.537510389 0.488781496
1548809334.499439478 -10.577976109 -26.816001695 1.924684433 -0.481357494 -0.489372405 0.531635504 0.496158546
1548809335.432895184 -10.925461724 -26.831493953 1.935020961 -0.480588766 -0.487780505 0.529604649 0.500623144
1548809336.333014250 -11.265580823 -26.832147457 1.946528253 -0.486385734 -0.482263231 0.523789859 0.506453628
1548809337.166457415 -11.586654315 -26.824943279 1.956831274 -0.492947393 -0.478757608 0.519208342 0.508150290
1548809338.066576481 -11.919509693 -26.819679345 1.968246191 -0.490579435 -0.475734099 0.520100248 0.512352044
1548809338.900019169 -12.247002921 -26.813875242 1.978276239 -0.493019382 -0.477407830 0.518400666 0.510170954
1548809339.700124502 -12.552944330 -26.807993749 1.988861945 -0.494387319 -0.477481995 0.517841598 0.509344875
1548809340.533567190 -12.862919494 -26.810765776 1.994913282 -0.493523647 -0.475205651 0.518344150 0.511794238
1548809341.367011309 -13.181501193 -26.802652174 2.005724880 -0.494414885 -0.476588371 0.517343230 0.510659797
1548809342.300467253 -13.527560206 -26.792810941 2.017984148 -0.492527206 -0.474704404 0.519250575 0.512300225
1548809343.100572348 -13.828744209 -26.789225437 2.028810160 -0.491445220 -0.473688513 0.519855384 0.513664451
1548809343.900678396 -14.135015039 -26.786285894 2.040435978 -0.491553456 -0.477744385 0.516445133 0.513244509
1548809344.700783253 -14.438392157 -26.782122108 2.051018191 -0.492223877 -0.477259354 0.515497787 0.514005054
1548809345.534226179 -14.757763971 -26.778094290 2.060196640 -0.493659732 -0.478050857 0.514496797 0.512894232
1548809346.334332466 -15.059465525 -26.775085783 2.071635991 -0.493202323 -0.479029530 0.511859297 0.515055568
1548809347.234450102 -15.391616198 -26.765179423 2.080507251 -0.492659476 -0.477013206 0.512156697 0.517146556
1548809348.167906284 -15.736833607 -26.751862610 2.091953911 -0.492537171 -0.474644370 0.513867849 0.517744814
1548809349.000346422 -16.052176459 -26.738918084 2.104256889 -0.492992825 -0.475920645 0.514264552 0.515741782
1548809349.800451279 -16.361035825 -26.730488926 2.113809351 -0.495022263 -0.478995887 0.511197697 0.513996901
1548809350.733907223 -16.705087041 -26.723563749 2.124402022 -0.492174821 -0.478928111 0.513138819 0.514859556
1548809351.568248272 -17.003319143 -26.720977615 2.141115572 -0.487301477 -0.483466246 0.513825602 0.514568664
1548809352.468367338 -17.335405858 -26.722743724 2.154092273 -0.479338649 -0.487764258 0.520810741 0.510956613
1548809353.302622318 -17.647492759 -26.724944373 2.163930922 -0.478581450 -0.487584155 0.522983372 0.509617386
1548809354.102727175 -17.953069554 -26.716592913 2.174066376 -0.488907586 -0.480687632 0.512890593 0.516577208
1548809354.936171293 -18.268715127 -26.703441638 2.184900225 -0.494853904 -0.476561324 0.507454283 0.520095250
1548809355.836289167 -18.605037556 -26.685418650 2.195194892 -0.495596075 -0.475628450 0.508021569 0.519688554
1548809356.768035412 -18.950619235 -26.673849473 2.205840749 -0.494390181 -0.473861545 0.508331082 0.522142793
1548809357.701492310 -19.289181546 -26.657626493 2.217736296 -0.490211306 -0.476393063 0.513852242 0.518361262
1548809358.634948254 -19.630162533 -26.652077195 2.233835001 -0.483504690 -0.479553349 0.522153537 0.513427194
1548809359.568404198 -19.974049533 -26.658687060 2.250615018 -0.474091165 -0.486599128 0.530420073 0.507063509
1548809360.402746439 -20.292087960 -26.679340616 2.263543551 -0.465883966 -0.500640446 0.536549822 0.494394137
1548809361.337014198 -20.637378028 -26.703252463 2.277202502 -0.464034861 -0.501663588 0.537109150 0.494488679
1548809362.237132311 -20.968836223 -26.710690806 2.289707995 -0.473390141 -0.490465663 0.527207878 0.507343138
1548809363.037238359 -21.269348781 -26.715774973 2.302054106 -0.474477579 -0.489754075 0.526963098 0.507269027
1548809363.970694304 -21.615680718 -26.713054663 2.318266852 -0.485682910 -0.476573237 0.515305789 0.521008642
1548809364.904150248 -21.951554166 -26.707622631 2.332971695 -0.481880926 -0.479178122 0.519513258 0.517962427
1548809368.237923384 -22.248478473 -26.702177767 2.346033268 -0.482342502 -0.480199430 0.520076299 0.516018276
