1548808720.080707312 0.000000000 0.000000000 1.000000000 -0.707106781 0.000000000 0.000000000 0.707106781
1548808724.581300259 0.001336594 -0.313393339 1.010586214 -0.707440406 -0.023414943 0.028242306 0.705820221
1548808726.481551409 0.024159564 -0.623066659 1.014442465 -0.708033907 -0.014701385 0.022608890 0.705663300
1548808727.778875351 0.028821255 -0.964048080 1.021776055 -0.704229373 0.001005961 0.008800712 0.709917267
1548808728.912358284 0.027191795 -1.261843523 1.026585127 -0.704497827 0.002321741 0.007108162 0.709666749
1548808729.945827246 0.023488245 -1.573474971 1.032657014 -0.703852778 0.002219470 0.004660801 0.710327120
1548808730.845946312 0.021518967 -1.888008171 1.037357485 -0.706015704 0.000751835 0.003769831 0.708185745
1548808731.646051407 0.019010004 -2.194082802 1.043277589 -0.705098830 0.000193308 0.003983327 0.709097832
1548808732.546170473 0.010055241 -2.531369216 1.049709461 -0.706501823 -0.000173527 0.002496558 0.707706798
1548808733.446288347 0.003531217 -2.872764397 1.057199309 -0.707158017 -0.000074801 0.000952196 0.707054896
1548808734.379744291 0.002491124 -3.174920582 1.062411075 -0.702462923 0.001539662 0.001051296 0.711717898
1548808735.813267231 -0.002922728 -3.518901331 1.067628911 -0.703824267 0.000517024 0.001308088 0.710372735
1548808736.346362352 -0.005769724 -3.861119224 1.074185704 -0.705100337 0.000213882 0.001795095 0.709105244
1548808736.879766226 -0.004314354 -4.253795242 1.083018536 -0.705777510 0.004407164 0.002177493 0.708416503
1548808737.380335331 -0.015228312 -4.650318925 1.089318819 -0.703647279 0.001663087 -0.000412664 0.710547374
1548808737.780387402 -0.022259155 -5.001876360 1.096149433 -0.702602890 0.000938474 0.000679959 0.711581222
1548808738.180440426 -0.023301045 -5.329686963 1.097879318 -0.703153585 0.003034168 0.001827161 0.711029177
1548808738.547155142 -0.035798942 -5.628694141 1.107729947 -0.705867430 0.002511853 0.001074087 0.708338696
1548808739.747313499 -0.043338508 -5.941377944 1.106689945 -0.706069688 0.005304984 -0.001538501 0.708120813
1548808740.780783415 -0.036113994 -6.296868190 1.121447267 -0.704318305 0.004875383 -0.000980196 0.709866886
1548808741.614226103 -0.045748389 -6.628974121 1.125903076 -0.700216706 0.003720778 -0.001788123 0.713918429
1548808742.513841391 -0.046814402 -6.966049968 1.131750552 -0.703597761 0.006135290 -0.000423313 0.710571861
1548808743.380622387 -0.050726245 -7.286905388 1.135940065 -0.706209688 0.009832565 0.000118513 0.707934448
1548808744.180728436 -0.067996023 -7.592160407 1.140616878 -0.708773542 0.008922643 -0.002581080 0.705374929
1548808744.980833292 -0.078565399 -7.903065249 1.151714946 -0.709981470 0.007307663 -0.004477400 0.704168207
1548808745.880952358 -0.088957890 -8.250532691 1.158559724 -0.707507859 0.005733568 -0.004400842 0.706668514
1548808746.781070232 -0.102772000 -8.598939345 1.166410733 -0.705146351 0.006705104 -0.006842325 0.708997072
1548808747.681189299 -0.113451344 -8.939770430 1.172763887 -0.705595714 0.007153860 -0.008363606 0.708529153
1548808748.581307411 -0.122825505 -9.279138643 1.180736945 -0.708093249 0.010590090 -0.006965574 0.706005157
1548808749.381413460 -0.136924582 -9.582024578 1.189183964 -0.707910446 0.008741266 -0.008651076 0.706195122
1548808750.248194218 -0.147932434 -9.915008205 1.197750369 -0.705872598 0.008097836 -0.008050050 0.708246777
1548808751.181650162 -0.158313712 -10.260324210 1.204635500 -0.707102242 0.006435931 -0.002766158 0.707076620
1548808752.081768274 -0.169276092 -10.606335945 1.210436385 -0.705448803 0.003298363 -0.002659936 0.708748215
1548808752.881874084 -0.174377881 -10.906634176 1.219402911 -0.705241171 0.002083883 0.000963431 0.708963765
1548808753.681979418 -0.176472734 -11.203385409 1.222715440 -0.706385991 0.001527316 0.003508036 0.707816497
1548808754.582098246 -0.178818636 -11.539476642 1.228483131 -0.706159586 -0.015413182 0.019440156 0.707617943
1548808755.482216120 -0.168553739 -11.879666316 1.235721433 -0.705144803 -0.002609068 0.004171561 0.709046259
1548808756.382335186 -0.172113976 -12.220509517 1.242898468 -0.705134023 0.001594880 0.000893285 0.709071694
1548808757.182440281 -0.177595915 -12.520103731 1.248667584 -0.704824603 -0.019208705 0.020097995 0.708836635
1548808757.982546091 -0.163024002 -12.822622115 1.253669762 -0.702194729 -0.021772931 0.024017853 0.711246543
1548808758.782651424 -0.147589910 -13.126349705 1.256635692 -0.702295774 -0.008703218 0.014299087 0.711688440
1548808759.682770252 -0.135683210 -13.429412155 1.258149060 -0.705818295 -0.005178063 0.005875185 0.708349634
1548808760.482875347 -0.138970967 -13.666126040 1.280522289 -0.705948037 0.001354033 0.008088961 0.708216142
1548808761.282981396 -0.138590416 -13.965880949 1.288841314 -0.706151451 0.002999717 0.008089935 0.708008251
1548808762.149761200 -0.138429569 -14.294065045 1.295392163 -0.707037849 0.003542015 0.008604246 0.707114490
1548808762.949867249 -0.152493213 -14.552786483 1.287537394 -0.702656869 0.006703191 0.008455948 0.711447039
1548808763.849985361 -0.153219065 -14.862334724 1.300980317 -0.704346085 0.008658069 0.007926321 0.709759681
1548808764.650091171 -0.160358479 -15.166117396 1.304411910 -0.703898570 0.007103554 0.006906133 0.710231405
1548808765.550209284 -0.167113347 -15.504663772 1.310824521 -0.703662174 0.007110830 0.006101136 0.710472911
1548808766.450328350 -0.170820174 -15.844235636 1.319380074 -0.704525945 0.007096867 0.006568574 0.709612346
1548808767.250433207 -0.173159784 -16.147553556 1.325409064 -0.706389221 0.007448169 0.006439976 0.707755127
1548808768.050539255 -0.180860911 -16.453153184 1.331084746 -0.703925166 0.006672162 0.004633953 0.710227689
1548808768.950657368 -0.184407462 -16.794270269 1.338535263 -0.703848775 0.010876556 0.000965583 0.710265915
1548808769.750763178 -0.191001217 -17.092860758 1.343320742 -0.705896469 0.017792884 -0.005241842 0.708072109
1548808770.550868273 -0.210393348 -17.395466736 1.349332581 -0.704810252 0.023316879 -0.013409578 0.708885756
1548808771.384311199 -0.232887336 -17.705190414 1.356446606 -0.704182293 0.037416330 -0.029549680 0.708416638
1548808772.217754364 -0.283899536 -18.035880644 1.346540637 -0.705858404 0.005626539 0.005905666 0.708305993
1548808772.651145220 -0.292917001 -18.198761036 1.347992134 -0.704496348 -0.035921604 0.043863837 0.707439396
1548808772.917847395 -0.280311317 -18.296526748 1.351962411 -0.703430940 -0.040072224 0.050575797 0.707828524
1548808773.717952251 -0.238042267 -18.605849270 1.357544394 -0.702005701 -0.041644259 0.053630960 0.708926987
1548808774.618071318 -0.187938806 -18.935067879 1.379928429 -0.703806635 -0.043350469 0.053671654 0.707033458
1548808775.418176174 -0.158844970 -19.239378194 1.366201395 -0.704282990 -0.042111753 0.053626063 0.706637330
1548808776.318295240 -0.120329046 -19.570148458 1.373631900 -0.706305486 -0.040698070 0.050196289 0.704951460
1548808777.151738405 -0.082987228 -19.881325156 1.381336781 -0.707527780 -0.026577273 0.036128050 0.705260841
1548808777.951843262 -0.067417552 -20.187837836 1.389676255 -0.705051459 -0.007661350 0.016888055 0.708913632
1548808778.751948357 -0.054113691 -20.495633933 1.416260874 -0.702622995 -0.004837543 0.009063353 0.711488145
1548808779.618729115 -0.048596037 -20.817303763 1.423981693 -0.705916814 -0.002985758 0.011679196 0.708192159
1548808780.552186251 -0.053932454 -21.166396213 1.429239015 -0.707292394 -0.006752116 0.008300898 0.706840133
1548808781.385629177 -0.047752266 -21.491949441 1.437890306 -0.705322596 -0.002945479 0.009649964 0.708814672
1548808782.185734510 -0.045878344 -21.795605567 1.444629064 -0.705682300 -0.003808819 0.009547821 0.708453826
1548808783.119190216 -0.045731433 -22.098463531 1.450944464 -0.705076982 -0.002125012 0.007449233 0.709088459
1548808784.519375324 -0.046481027 -22.419703250 1.455417143 -0.701930506 -0.002147709 0.007240040 0.712205402
1548808785.986235380 -0.046215896 -22.724825121 1.461054345 -0.702625249 -0.002767336 0.007574171 0.711514394
1548808787.553108215 -0.044578039 -23.043661172 1.464021117 -0.706428703 -0.001640706 0.008561155 0.707730529
1548808789.119981289 -0.045596990 -23.362839941 1.472829447 -0.705415070 -0.000695109 0.008323300 0.708745242
1548808790.720192194 -0.035653869 -23.670878960 1.478354133 -0.704142817 -0.018270794 0.029549636 0.709207931
1548808792.020363331 -0.018176984 -23.982842138 1.483073147 -0.703468721 0.023064637 -0.010576384 0.710273132
1548808799.021285295 -0.074656296 -24.287012295 1.487546983 -0.697874830 0.033361445 -0.019552978 0.715175095
1548808802.155031204 -0.101180656 -24.589373107 1.488444494 -0.699119964 0.027324385 -0.011651441 0.714387079
1548808804.688698292 -0.118751647 -24.900841174 1.492933572 -0.702399513 0.027257204 -0.009851015 0.711192609
1548808806.789861441 -0.140105858 -25.200650589 1.495363351 -0.698395193 0.025623636 -0.010290614 0.715179479
1548808808.596283436 -0.161780247 -25.494537957 1.499284156 -0.696175472 0.031525202 -0.021325800 0.716861970
1548808811.567519188 -0.120827527 -25.790399788 1.516597803 -0.702575897 0.098438168 -0.034825609 0.703906395
1548808815.535167217 -0.243272160 -26.074317686 1.505647706 -0.702963825 0.069371627 -0.063144014 0.705012250
1548808819.301871300 -0.295683552 -26.368100566 1.537954130 -0.672409871 0.076462151 -0.072034443 0.732686525
1548808824.502049208 -0.350635938 -26.445401995 1.516911174 -0.709592860 -0.009237665 0.023546671 0.704157790
1548808826.568428278 -0.384154443 -26.455315151 1.518705303 -0.699354288 -0.101120344 0.120381900 0.697270718
1548808828.402003288 -0.404553655 -26.479780803 1.520135446 -0.677534821 -0.191262043 0.215765192 0.676617158
1548808830.102227211 -0.420628411 -26.529146064 1.520859436 -0.644364096 -0.274341866 0.304777472 0.645478230
1548808831.535749435 -0.449172719 -26.551683690 1.521329805 -0.600325175 -0.353406453 0.388183515 0.603346602
1548808832.932823181 -0.483555077 -26.587878991 1.526505580 -0.545660734 -0.427473674 0.465806874 0.550040524
1548808834.363209248 -0.500573788 -26.631173815 1.526927029 -0.480184686 -0.492184107 0.537482740 0.488149338
1548808835.799168348 -0.507421484 -26.680384093 1.527808244 -0.406359722 -0.550981038 0.596971904 0.418229863
1548808838.832656384 -0.770706732 -26.835333393 1.541048707 -0.337036800 -0.593203068 0.640256057 0.352970957
1548808841.168869257 -1.023127007 -27.005564072 1.554730384 -0.322415411 -0.603749030 0.646343268 0.337306672
1548808844.037821293 -1.270815772 -27.136227260 1.564092826 -0.362576525 -0.579126083 0.624120570 0.378978570
1548808845.701819420 -1.541480710 -27.219189800 1.574485130 -0.402096221 -0.555189421 0.597157971 0.416516139
1548808847.135341406 -1.819408104 -27.295594296 1.581012501 -0.421736866 -0.542003932 0.582472806 0.434850760
1548808848.433671236 -2.128302800 -27.353071144 1.587311903 -0.447994129 -0.524492414 0.559408559 0.459642288
1548808849.729589224 -2.465213980 -27.341859853 1.592274960 -0.501997866 -0.476273154 0.507582153 0.513344313
1548808850.596370220 -2.771488649 -27.311154674 1.598432786 -0.510778193 -0.465778323 0.499458502 0.522204363
1548808851.429813147 -3.084678967 -27.282984338 1.604938083 -0.511388176 -0.464613931 0.500055257 0.522073528
1548808852.329932213 -3.425824353 -27.255170614 1.611040508 -0.512522792 -0.464509495 0.499089843 0.521977629
1548808853.230050325 -3.756064418 -27.236428661 1.621090252 -0.508251125 -0.467971966 0.505379894 0.516985682
1548808854.130169392 -4.096128577 -27.225673602 1.625980967 -0.500698662 -0.478231295 0.512381016 0.507997414
1548808855.028774500 -4.431937485 -27.218236400 1.633456686 -0.498522809 -0.477890188 0.515158808 0.507648874
1548808855.928782225 -4.767189693 -27.208995685 1.632036646 -0.497625005 -0.479806997 0.515993845 0.505870489
1548808856.762225389 -5.066685518 -27.199673020 1.647934620 -0.495678918 -0.481597722 0.517263718 0.504781428
1548808857.695681334 -5.412730774 -27.195817135 1.655398821 -0.491866260 -0.484045466 0.519884896 0.503475186
1548808858.629138231 -5.754937036 -27.200438001 1.660671851 -0.489236000 -0.485674220 0.522721938 0.501528129
1548808859.462581158 -6.067078191 -27.206761005 1.667301780 -0.482901164 -0.490995365 0.528137628 0.496790362
1548808860.362810373 -6.403309177 -27.223726643 1.675889074 -0.475887631 -0.496446412 0.533728058 0.492144575
1548808861.264442444 -6.736690852 -27.249102982 1.684503564 -0.469768866 -0.503227570 0.540150939 0.484062174
1548808862.064547300 -7.038684574 -27.274759029 1.689795421 -0.471491426 -0.502844676 0.539750347 0.483231446
1548808862.964666367 -7.374244883 -27.293496562 1.699612266 -0.483898988 -0.490967138 0.527616337 0.496401088
1548808863.898122311 -7.715533254 -27.292915372 1.708809933 -0.489796459 -0.484057026 0.522684400 0.502582573
1548808864.731565237 -8.029318760 -27.288419691 1.715649565 -0.494120015 -0.482847913 0.520263603 0.502024987
1548808865.531671286 -8.318105513 -27.288485427 1.717309643 -0.494965119 -0.481923370 0.519508419 0.502862207
1548808866.331776142 -8.621331712 -27.284724768 1.724031492 -0.495404769 -0.481687703 0.520257173 0.501880011
1548808867.231895208 -8.958098083 -27.283921224 1.729555627 -0.494366206 -0.480663500 0.520794073 0.503327118
1548808868.132013321 -9.287002963 -27.279128810 1.734132555 -0.494452720 -0.480664705 0.520166811 0.503889311
1548808869.032132387 -9.634545904 -27.272522737 1.740176201 -0.496931740 -0.482175460 0.519135633 0.501062736
1548808869.898913383 -9.939737717 -27.273636893 1.746794373 -0.497847936 -0.477874885 0.517267044 0.506179644
1548808870.797407150 -10.271615679 -27.261945337 1.754237220 -0.499636484 -0.473635671 0.515581762 0.510105951
1548808871.597513199 -10.576697881 -27.254207696 1.761056370 -0.500575100 -0.474370554 0.512930791 0.511174286
1548808872.497631311 -10.898622423 -27.237407478 1.767669960 -0.499938491 -0.476081939 0.513559689 0.509572310
1548808873.397750378 -11.233766874 -27.230519583 1.774198157 -0.497491540 -0.477355579 0.511001874 0.513333132
1548808874.331206322 -11.584642096 -27.218310283 1.783772313 -0.495733236 -0.475714515 0.512313236 0.515246938
1548808875.131311417 -11.889129066 -27.202408328 1.791230208 -0.497113723 -0.476890807 0.511459228 0.513675542
1548808875.931417227 -12.195297000 -27.190055358 1.800105306 -0.497608699 -0.476997093 0.511872406 0.512685084
1548808876.764860392 -12.499645370 -27.177810183 1.800215998 -0.494929715 -0.474233573 0.514477106 0.515228496
1548808877.564965487 -12.812037189 -27.167607501 1.807942045 -0.496643236 -0.476686512 0.512533147 0.513249683
1548808878.465084314 -13.152154062 -27.157081708 1.817140649 -0.497044034 -0.476379291 0.512898266 0.512781989
1548808879.365202188 -13.490950187 -27.145433382 1.819944156 -0.497024781 -0.475746924 0.513617926 0.512667394
1548808880.265321255 -13.831641931 -27.132896420 1.828894062 -0.497308585 -0.476708478 0.513487209 0.511628854
1548808881.198777437 -14.177011373 -27.124935886 1.838758763 -0.493733076 -0.476487851 0.514930205 0.513842253
1548808882.032220364 -14.493660400 -27.119727701 1.849303467 -0.492763012 -0.477603648 0.513973283 0.514694894
1548808882.832326412 -14.799449016 -27.110560881 1.856346334 -0.493589862 -0.478807644 0.513291790 0.513462585
1548808883.732444525 -15.128868670 -27.102709719 1.849135239 -0.492340782 -0.479193871 0.512474909 0.515114800
1548808884.532550335 -15.438386523 -27.092860034 1.857690839 -0.493745242 -0.481152681 0.511889645 0.512519975
1548808885.466006279 -15.781674421 -27.088356860 1.867876800 -0.492195695 -0.480417769 0.512163787 0.514422415
1548808886.366125345 -16.116917760 -27.078563032 1.878467865 -0.490888576 -0.479290426 0.513517064 0.515372989
1548808887.199568272 -16.424170839 -27.072832656 1.890077913 -0.488701975 -0.477937101 0.515342795 0.516883266
1548808888.099686384 -16.740606682 -27.056074094 1.893799325 -0.490569568 -0.480719403 0.513971857 0.513890342
1548808889.033143282 -17.088914730 -27.050340685 1.904539404 -0.489673055 -0.482962621 0.512891932 0.513721007
1548808889.933261395 -17.401571240 -27.050796082 1.910841725 -0.478478788 -0.488647874 0.522406122 0.509286901
1548808890.866718292 -17.750455042 -27.060528298 1.924571840 -0.473829489 -0.492180041 0.525960600 0.506566747
1548808891.768095255 -18.086344409 -27.072825800 1.934037881 -0.471398924 -0.491585644 0.527962517 0.507328483
1548808892.668214321 -18.428599159 -27.082236378 1.945681659 -0.474218123 -0.493347041 0.526214701 0.504800908
1548808893.468319178 -18.735149228 -27.089628127 1.953213185 -0.475357900 -0.492880345 0.527204881 0.503148930
1548808894.101736307 -18.963754692 -27.091636534 1.952732286 -0.480771302 -0.487628444 0.520440204 0.510117094
1548808894.900582314 -19.260354880 -27.082785765 1.963207832 -0.492361940 -0.473969744 0.507472573 0.524789472
1548808895.800701141 -19.586984486 -27.064347907 1.978156736 -0.492543875 -0.471793920 0.507946693 0.526118984
1548808896.734157324 -19.927577393 -27.046106113 1.993291618 -0.491287545 -0.469025304 0.509978920 0.527800449
1548808897.567600489 -20.224954327 -27.030547766 2.008719351 -0.484995130 -0.469391225 0.518342899 0.525140211
1548808898.434381247 -20.548430121 -27.023564812 2.025784500 -0.481977717 -0.475631677 0.522296715 0.518341711
1548808899.234487295 -20.850990887 -27.023788856 2.041150290 -0.481720675 -0.480832339 0.520718318 0.515361898
1548808900.167943239 -21.191275673 -27.022009113 2.057514355 -0.477833664 -0.482167154 0.524309778 0.514090539
1548808901.101399183 -21.531578261 -27.024217927 2.072322453 -0.473930345 -0.483827938 0.527606650 0.512768737
1548808902.001518250 -21.869742554 -27.029926927 2.090723623 -0.471964536 -0.484851477 0.528641552 0.512549149
1548808902.901636362 -22.179810305 -27.036143252 2.111301615 -0.481956809 -0.473987537 0.519631467 0.522529031
1548808903.835093260 -22.515122939 -27.028645145 2.120884392 -0.480307368 -0.473790298 0.522684043 0.521180369
