1548881684.059496880 0.000000000 0.000000000 1.000000000 -0.707106781 0.000000000 0.000000000 0.707106781
1548881686.726515055 -0.021154258 -0.122953637 0.990840532 -0.688507028 -0.005433144 -0.007775433 0.725167633
1548881687.193556070 -0.019986769 -0.331705717 0.992031486 -0.668614452 -0.003884986 -0.007839096 0.743557778
1548881688.060336828 -0.030170797 -0.713942025 1.003062802 -0.681610723 -0.025186725 -0.007955506 0.731238101
1548881689.359804869 -0.026219767 -1.040516171 1.003397020 -0.730855239 -0.067816665 0.039992135 0.677976510
1548881690.426611900 0.007497848 -1.346029369 1.032908346 -0.734670921 -0.073206622 0.033321720 0.673638695
1548881691.360067844 0.041154614 -1.646282032 1.063441075 -0.730502251 -0.048951295 0.001845341 0.681151105
1548881692.226849079 0.067140597 -1.963463043 1.093545312 -0.729426852 -0.035610911 -0.006368956 0.683101578
1548881693.060641050 0.080378447 -2.273516428 1.120267453 -0.730402932 -0.029781962 -0.010693951 0.682283102
1548881693.927737951 0.099405283 -2.565416081 1.152433590 -0.742577119 -0.013805550 -0.014554401 0.669460080
1548881694.628117085 0.125246887 -2.833080971 1.190365234 -0.737787326 0.003640924 -0.008509071 0.674969778
1548881695.328209877 0.153795475 -3.105698679 1.230452660 -0.730004568 0.019742878 0.002735316 0.683151570
1548881696.061959982 0.183797917 -3.406071644 1.260181579 -0.718371856 0.033186689 0.018492563 0.694621153
1548881696.895402908 0.186653534 -3.705400992 1.281652301 -0.717764322 0.029221822 0.025953579 0.695188374
1548881697.761930943 0.184013569 -4.012639109 1.294458768 -0.723834583 0.028833458 0.012700411 0.689253820
1548881698.728724957 0.183774075 -4.362116418 1.323797560 -0.726362354 0.031578998 0.006214541 0.686557992
1548881699.561888933 0.175885269 -4.679297774 1.346394532 -0.722449433 0.015804776 0.017546066 0.691020377
1548881700.428669930 0.197056041 -4.995296597 1.376910441 -0.712517754 0.040744037 0.010953022 0.700384469
1548881701.261804104 0.199516629 -5.300884787 1.390567086 -0.714857934 0.018021886 0.033815993 0.698219038
1548881702.128584862 0.197030064 -5.607255830 1.404789969 -0.722026580 -0.014965469 0.055051679 0.689509220
1548881702.995364904 0.245447770 -5.949781162 1.429646423 -0.717634795 -0.032407835 0.068238794 0.692310263
1548881703.828468084 0.284943558 -6.236503607 1.448435917 -0.717293512 -0.024199686 0.053485016 0.694293703
1548881704.561897993 0.312034389 -6.535155251 1.462277150 -0.707919618 -0.010020983 0.031305193 0.705527731
1548881705.395341158 0.334223145 -6.849697482 1.471101848 -0.713660017 0.006842069 0.024003188 0.700047436
1548881706.262120962 0.345971810 -7.154550000 1.483536569 -0.724056893 0.007423317 0.023848241 0.689287873
1548881707.095189095 0.361382558 -7.482869930 1.506571629 -0.725765224 0.003164845 0.021826736 0.687588843
1548881707.928217173 0.383430598 -7.804365340 1.529069416 -0.723053096 0.012086714 0.020273677 0.690389101
1548881708.794997931 0.372860152 -8.124207086 1.551466006 -0.720029651 -0.009617640 0.017863035 0.693646679
1548881709.627982140 0.390407457 -8.431694916 1.566953275 -0.720805713 -0.008216073 0.008664933 0.693034299
1548881710.527592897 0.414023517 -8.750067732 1.592382581 -0.723665007 0.009815974 -0.008514840 0.690029059
1548881711.460489988 0.399436038 -9.079127911 1.613453920 -0.726950517 0.032605818 -0.035485708 0.684996767
1548881712.293933153 0.356918490 -9.395691482 1.633108291 -0.719683808 0.038443076 -0.047229755 0.691626125
1548881713.160094976 0.325026472 -9.697307474 1.659771812 -0.728498515 0.035610013 -0.042934211 0.682772652
1548881713.993538141 0.287186764 -10.003454458 1.683273223 -0.732016625 0.018456992 -0.027596269 0.680477367
1548881714.726968050 0.245669379 -10.310027645 1.714451808 -0.716424129 0.001606978 -0.033781807 0.696844800
1548881715.593747854 0.219116298 -10.642796493 1.733024626 -0.711454601 -0.009873324 -0.034562422 0.701812159
1548881716.427191973 0.199792052 -10.974897892 1.738668025 -0.706514943 -0.011760783 -0.038266189 0.706564943
1548881717.260634899 0.195194138 -11.298295064 1.751698604 -0.703949714 -0.013323699 -0.031747652 0.709414806
1548881718.227428913 0.175891936 -11.629351937 1.764783632 -0.718881031 -0.013005483 -0.037806085 0.693982435
1548881719.061491013 0.171976232 -11.937040493 1.785316504 -0.722198407 -0.010983206 -0.031941385 0.690860751
1548881719.895493984 0.143206676 -12.234026256 1.810503741 -0.729143760 -0.017807158 -0.039965770 0.682960482
1548881720.762781858 0.148099603 -12.568485171 1.837872187 -0.728221656 -0.032583863 -0.014409193 0.684414996
1548881721.596225023 0.152471311 -12.900341185 1.862103594 -0.719910313 -0.041008594 -0.008878075 0.692797673
1548881722.296316862 0.157063512 -13.211550245 1.873425917 -0.700840187 -0.046257755 -0.010208607 0.711743659
1548881723.163097858 0.179837418 -13.550970250 1.879956921 -0.694533849 -0.044278267 -0.003955215 0.718085318
1548881724.096554041 0.212692564 -13.885286191 1.883602006 -0.702990153 -0.036208589 0.003335459 0.710269426
1548881724.929998159 0.234036673 -14.206614940 1.886296663 -0.704177930 -0.032958837 0.004004643 0.709246869
1548881725.797236919 0.254268218 -14.513802381 1.896212065 -0.712394752 -0.021068310 -0.001151353 0.701461701
1548881726.664017916 0.246933125 -14.852525655 1.908122968 -0.706571386 -0.015635012 -0.017281461 0.707257926
1548881727.530798912 0.243128310 -15.184586187 1.920700661 -0.706260215 -0.017244229 -0.016226004 0.707556261
1548881728.530930996 0.239763227 -15.524773842 1.935570418 -0.722770445 -0.019407622 -0.017528586 0.690593207
1548881729.364373922 0.245319967 -15.824992499 1.957993056 -0.727469334 -0.018692721 -0.013671004 0.685749265
1548881730.097804070 0.260556659 -16.119787994 1.983949130 -0.717825869 -0.007935631 -0.008155627 0.696129681
1548881730.931246758 0.280843581 -16.442618632 2.008081084 -0.711092773 0.001112126 0.000808744 0.703096848
1548881731.797569036 0.276890401 -16.759768042 2.016875529 -0.715154152 0.002781398 -0.004619546 0.698945965
1548881732.631011724 0.281578868 -17.090817629 2.032211595 -0.708680446 0.003022744 -0.000815070 0.705522660
1548881733.497792959 0.267927963 -17.399935752 2.045631690 -0.715834617 0.000384783 -0.007239920 0.698232223
1548881734.331235886 0.257262505 -17.728674057 2.064778662 -0.709376409 -0.006776402 -0.007825234 0.704753827
1548881735.164678812 0.252001195 -18.057816281 2.072844816 -0.704556753 -0.018296633 -0.004605779 0.709396788
1548881735.998121977 0.251495403 -18.371556707 2.080689005 -0.704902689 -0.025074835 -0.004364549 0.708847235
1548881736.864902973 0.268126531 -18.679876352 2.089258869 -0.713494743 -0.024233808 -0.000199999 0.700241340
1548881737.731683731 0.281297873 -18.998854120 2.107167573 -0.716778655 -0.027808089 0.002884288 0.696740089
1548881738.598923922 0.299348303 -19.318650771 2.121203529 -0.719011070 -0.022302356 0.000342849 0.694640603
1548881739.432366848 0.299169797 -19.637589931 2.141466964 -0.717276693 -0.023929708 -0.007654672 0.696335351
1548881740.266224861 0.311987710 -19.944213880 2.161101351 -0.721601792 -0.022140203 -0.003708106 0.691944301
1548881741.099668026 0.324518182 -20.259637014 2.185460294 -0.719912725 -0.017829585 -0.003480429 0.693826823
1548881741.966448784 0.323958481 -20.582353924 2.206178073 -0.721077510 -0.018941630 -0.008155858 0.692547415
1548881742.733217001 0.318582529 -20.885886661 2.223971085 -0.716257940 -0.020869710 -0.012897555 0.697404239
1548881743.499568939 0.314024499 -21.195755786 2.236378173 -0.705686687 -0.024466331 -0.017466898 0.707886012
1548881744.365890980 0.315828018 -21.523354429 2.244902757 -0.703756760 -0.028494618 -0.015573608 0.709698487
1548881745.232671976 0.306387699 -21.861522020 2.248797996 -0.696713149 -0.036316766 -0.023199980 0.716054217
1548881746.099452972 0.320200739 -22.169894878 2.251639660 -0.707375416 -0.031024668 -0.020930503 0.705846587
1548881746.966233969 0.316449490 -22.497145522 2.256659834 -0.704851291 -0.040916292 -0.020298227 0.707883110
1548881747.833014965 0.328405171 -22.827082718 2.264748756 -0.704011736 -0.036722694 -0.019081627 0.708981531
1548881748.699795008 0.350825174 -23.147624586 2.275160900 -0.706611956 -0.030943267 -0.009575503 0.706859511
1548881749.433224916 0.370579587 -23.427206074 2.284525105 -0.705869684 -0.021998499 -0.001351186 0.707998750
1548881749.899953842 0.393985642 -23.622069617 2.296368830 -0.696279528 -0.017592184 0.008757965 0.717501660
1548881750.766734123 0.397624407 -23.926983358 2.295072461 -0.707806476 -0.019149949 0.003778676 0.706136668
1548881751.467286110 0.409148579 -24.197355515 2.303261036 -0.702426785 -0.019781854 0.005950674 0.711456168
1548881752.367403984 0.415398411 -24.504613425 2.315504138 -0.714710726 -0.024835678 0.007011425 0.698943923
1548881753.200846910 0.441014470 -24.814872869 2.323911189 -0.718757504 -0.024103771 0.013705381 0.694707724
1548881754.034289837 0.419111725 -25.125381921 2.351638964 -0.715033069 -0.048456911 0.004497403 0.697394731
1548881754.867275000 0.466070964 -25.460164532 2.360825267 -0.709465639 -0.064351835 0.039027676 0.700709775
1548881755.600704908 0.488678370 -25.723815074 2.363831735 -0.705946055 -0.098930424 0.094504522 0.694925776
1548881757.300420761 0.555900356 -25.911260761 2.385193021 -0.698027728 -0.060463268 0.051276980 0.711668571
1548881758.900632143 0.607515889 -26.216603138 2.394222281 -0.718860262 -0.067989133 0.058494457 0.689344471
1548881760.034680843 0.676053397 -26.551769610 2.415929722 -0.721652356 -0.063151040 0.058125355 0.686914308
1548881760.968590736 0.715117596 -26.875821168 2.444004050 -0.723074144 -0.042096286 0.024187792 0.689062142
1548881761.935384989 0.756078882 -27.202484042 2.459383844 -0.718386805 -0.032598583 0.022866123 0.694503327
1548881762.901158810 0.760935247 -27.523727670 2.481304936 -0.716813272 -0.039889468 0.014068293 0.695981068
1548881763.866774082 0.783087948 -27.849660216 2.497120666 -0.713218184 -0.036955725 0.009691351 0.699900117
1548881779.667418957 0.840854283 -28.148703855 2.504846392 -0.705114528 0.039209023 -0.073634420 0.704169104
1548881781.137636900 0.879010042 -28.180098618 2.508321108 -0.687144552 0.128991147 -0.168262352 0.694896704
1548881782.207076788 0.917243680 -28.241862729 2.512000007 -0.651571121 0.219910535 -0.256149513 0.679324560
1548881783.441379070 0.908695782 -28.323436833 2.519974232 -0.599293144 0.304289060 -0.352582359 0.651107960
1548881785.008389950 0.827122313 -28.410741891 2.513453869 -0.559917618 0.387558331 -0.433333190 0.590350021
1548881786.108535051 0.792407480 -28.467777818 2.510512541 -0.504803639 0.467831603 -0.507913757 0.518006267
1548881787.175342083 0.735620176 -28.516861902 2.506578746 0.433540984 -0.533470902 0.568134082 -0.452409854
1548881788.541944027 0.763582778 -28.580871010 2.513196840 0.348561046 -0.586241170 0.628918070 -0.373213812
1548881790.974823952 0.884295642 -28.709985631 2.522326584 0.266118125 -0.612434640 0.684954491 -0.291448623
1548881793.540822983 1.005554642 -28.933424078 2.533798372 0.178187152 -0.653951605 0.702150244 -0.218132238
1548881796.773087025 1.112613211 -29.201633906 2.550749138 0.124094671 -0.662013008 0.719912961 -0.167524979
1548881800.040184021 1.244313790 -29.478828627 2.566684531 0.123936467 -0.662309031 0.722483706 -0.154931581
1548881803.273465872 1.357836137 -29.762460924 2.582471517 0.111795858 -0.670931988 0.720004578 -0.137642151
1548881806.472780943 1.418196936 -30.054175328 2.594335931 0.077686463 -0.678363273 0.722643166 -0.107586884
1548881809.939903975 1.505374346 -30.343436909 2.603407964 0.081166627 -0.680997861 0.720457167 -0.102933774
1548881822.274862766 1.583265710 -30.637683984 2.619640335 0.081853160 -0.672837071 0.727840328 -0.104109520
1548881825.708647966 1.673477451 -30.925426657 2.639805831 0.094848197 -0.668395563 0.729123628 -0.112382944
1548881829.409135818 1.764232282 -31.234057798 2.655914011 0.095430721 -0.670423479 0.726879776 -0.114329036
1548881830.776562929 1.857548422 -31.532441501 2.665736988 0.097048829 -0.677506870 0.720762372 -0.109852484
1548881831.910045862 1.946544527 -31.823682239 2.682334991 0.097109053 -0.674829368 0.723143587 -0.110627793
1548881832.977379084 2.023255207 -32.132053054 2.694401286 0.083677283 -0.667029545 0.731963690 -0.110900202
1548881833.945080757 2.074510485 -32.460853428 2.702227823 0.061579504 -0.681646635 0.721344248 -0.105963700
1548881834.778915167 2.137092099 -32.722945344 2.718889817 0.061454058 -0.680195825 0.722553335 -0.107115436
1548881835.679033756 2.239540650 -32.996523270 2.733004617 0.100253868 -0.664469116 0.727294884 -0.139542494
1548881836.445359945 2.358131244 -33.239225027 2.748892721 0.121580091 -0.661168078 0.724625508 -0.151634187
1548881837.211689949 2.491435634 -33.508136592 2.763692170 0.132395308 -0.665698430 0.720500855 -0.142111223
1548881837.945120096 2.605066031 -33.774716445 2.769006303 0.131783728 -0.670161167 0.718179607 -0.133173236
1548881838.811417818 2.724708568 -34.060839184 2.791245166 0.128731194 -0.661337881 0.727716174 -0.128412056
1548881839.644329071 2.815994994 -34.358932383 2.801751113 0.120875313 -0.658981976 0.729137316 -0.139609058
1548881840.477771997 2.922491662 -34.653402905 2.826246648 0.116833547 -0.659703394 0.728940910 -0.140664509
1548881841.344552994 3.038729114 -34.971612413 2.846466181 0.112606874 -0.666500242 0.724376777 -0.135555912
1548881842.077982903 3.141986650 -35.258982249 2.861285136 0.113204179 -0.677228443 0.714695230 -0.133256063
1548881842.911426067 3.248854309 -35.542330981 2.872966454 0.114827660 -0.670639056 0.720230388 -0.135373759
1548881843.778207064 3.361353052 -35.830129620 2.890263856 0.138725712 -0.659899767 0.719073432 -0.167990695
1548881844.644398928 3.539459366 -36.128260477 2.902856665 0.161501499 -0.664657746 0.710210136 -0.166580040
1548881845.477191925 3.669647722 -36.392860819 2.914279612 0.159488408 -0.659007448 0.715474770 -0.168429467
1548881846.309916973 3.834523533 -36.662542977 2.927692546 0.191787512 -0.650678927 0.707566574 -0.197949556
1548881847.176697969 4.029513198 -36.943035985 2.940531248 0.215802017 -0.648149501 0.693875886 -0.227745404
1548881847.943465948 4.201795898 -37.180563061 2.943337497 0.217873442 -0.657194717 0.685842892 -0.224155737
1548881848.876921892 4.375601206 -37.444029112 2.959959325 0.200590244 -0.650790629 0.699699565 -0.215999143
1548881849.877053976 4.550314478 -37.760235381 2.977253775 0.176699944 -0.654544463 0.705814723 -0.205363707
1548881850.743834972 4.702137584 -38.036777975 3.001465685 0.176085046 -0.649059400 0.709547808 -0.210375520
1548881851.643952847 4.896595671 -38.333028817 3.015681237 0.185032706 -0.653633470 0.703990311 -0.207180664
1548881852.410721064 5.070411623 -38.588079142 3.014292527 0.191070107 -0.659455267 0.700115614 -0.196084400
1548881853.276708841 5.232276072 -38.853719711 3.028287288 0.190705463 -0.650148908 0.706596981 -0.204104215
1548881854.110152006 5.383583266 -39.116089301 3.044530528 0.185617655 -0.645872957 0.709743219 -0.211326225
1548881854.876044989 5.529431409 -39.374999842 3.055029065 0.179456827 -0.651169645 0.705199548 -0.215561913
1548881855.742825031 5.697308100 -39.652592286 3.077286060 0.181275456 -0.649350860 0.703919625 -0.223561697
1548881856.642944098 5.870885748 -39.934280387 3.100745672 0.175624872 -0.647815085 0.706303829 -0.225003156
1548881857.509724855 6.042464945 -40.221040329 3.117683654 0.172709171 -0.650872680 0.701749181 -0.232560496
1548881858.376505852 6.211668323 -40.482102648 3.145611258 0.171930221 -0.645225956 0.706531263 -0.234386516
1548881859.243287086 6.376380873 -40.750046029 3.172054476 0.164842425 -0.643392859 0.709422640 -0.235779817
1548881860.110941887 6.549682128 -41.015456940 3.203967825 0.170295655 -0.640028912 0.709278167 -0.241426726
1548881860.945177794 6.736017239 -41.273867932 3.230788307 0.186339347 -0.637585056 0.704795451 -0.249050831
1548881861.713541985 6.960738090 -41.491718768 3.248540392 0.226238213 -0.637312363 0.692908006 -0.250055432
1548881862.580889940 7.148094671 -41.734357853 3.270354283 0.224976278 -0.633725692 0.694276155 -0.256433310
1548881863.481009007 7.378177272 -41.997444565 3.290765121 0.231298420 -0.636001248 0.691145540 -0.253616435
1548881864.314451933 7.572486071 -42.236203558 3.314535001 0.228900933 -0.639130029 0.688540129 -0.255009136
1548881865.281245947 7.767961863 -42.492219793 3.331255890 0.221856752 -0.626065058 0.698054559 -0.267473284
1548881866.048012972 7.936752266 -42.756279679 3.339809279 0.214899676 -0.640692211 0.677946924 -0.289343374
1548881866.914793968 8.149890301 -43.007826307 3.350657703 0.219114176 -0.641355913 0.670897229 -0.300912743
1548881867.782088041 8.388043029 -43.251807253 3.364379652 0.228090368 -0.644820922 0.664175476 -0.301747740
1548881868.615530968 8.616044974 -43.472455710 3.381221690 0.236045307 -0.643569993 0.664102964 -0.298441836
1548881869.482311964 8.834033413 -43.685255149 3.388957426 0.236228989 -0.634233641 0.673292695 -0.297691956
1548881870.349092960 9.071272896 -43.904260210 3.407595696 0.241398586 -0.633472582 0.676940491 -0.286689348
1548881871.315886736 9.321781933 -44.133656143 3.427599411 0.242522309 -0.624778594 0.691543594 -0.269447761
1548881872.149329901 9.516797737 -44.408370411 3.438533352 0.210556159 -0.652467348 0.685122644 -0.246088251
1548881876.649923086 9.710782353 -44.659493875 3.455144455 0.205022878 -0.661488711 0.685769940 -0.223870260
1548881878.050106764 9.883248991 -44.913566599 3.459438817 0.198595840 -0.650474625 0.695514692 -0.231736418
1548881879.483630180 10.065171748 -45.177761638 3.481336147 0.194957599 -0.641154482 0.703604316 -0.236333306
1548881880.717124939 10.263859902 -45.423171750 3.498337633 0.210007154 -0.638875174 0.699932259 -0.240479394
1548881881.850607872 10.450074917 -45.659068844 3.511347069 0.214355005 -0.642243682 0.695449204 -0.240676939
