1548880187.382870674 0.000000000 0.000000000 1.000000000 -0.707106781 0.000000000 0.000000000 0.707106781
1548880190.083226681 0.010280121 -0.302587595 1.007942665 -0.715539745 0.006729949 0.000190055 0.698539580
1548880191.750112772 0.013443526 -0.614133285 1.021563595 -0.716804575 0.008996771 0.001174031 0.697215089
1548880193.383661747 0.012649457 -0.936186261 1.039130073 -0.718370657 0.011062396 0.002586568 0.695567777
1548880194.917196751 0.011840802 -1.253862259 1.060356913 -0.718703087 0.010330155 0.002693777 0.695235143
1548880196.150692701 -0.022766586 -1.567651588 1.073378586 -0.698035691 -0.002979036 -0.010787976 0.715975502
1548880197.184162855 -0.053248070 -1.870143856 1.078009662 -0.663849750 -0.014562368 -0.024227880 0.747331557
1548880198.784372807 -0.054492266 -2.173325205 1.057390205 -0.683573243 -0.015321577 -0.022956502 0.729359904
1548880200.684623718 -0.074059106 -2.479845115 1.057094317 -0.727548217 -0.023984862 -0.026590120 0.685121365
1548880202.151483536 -0.078658090 -2.781476302 1.082525430 -0.733984195 -0.023108898 -0.027258064 0.678225758
1548880203.451654673 -0.078856411 -3.079323553 1.111463515 -0.727238399 -0.023718394 -0.023702116 0.685565430
1548880204.851838827 -0.081641975 -3.378039804 1.140362486 -0.727737828 -0.023176566 -0.025034582 0.685006401
1548880206.252023697 -0.072788516 -3.679209955 1.167968731 -0.728309056 -0.018727170 -0.021336244 0.684660483
1548880207.785558701 -0.075521490 -3.984036058 1.200934290 -0.739549083 -0.016465750 -0.023614108 0.672486733
1548880209.219080687 -0.068958700 -4.326882700 1.237438273 -0.738052610 -0.012312847 -0.019964014 0.674335359
1548880210.619265795 -0.068924915 -4.584090108 1.274163017 -0.732113982 -0.010530581 -0.020464252 0.680793242
1548880211.886098623 -0.058558872 -4.891601289 1.295423349 -0.719149736 -0.004599869 -0.015331566 0.694670743
1548880213.319621563 -0.063860225 -5.210636364 1.320419117 -0.713860889 0.000327348 -0.020818423 0.699977941
1548880214.886494637 -0.069653181 -5.536705371 1.336078927 -0.725014954 0.005528655 -0.020840831 0.688395534
1548880216.420029640 -0.086929342 -5.847024137 1.358273996 -0.733825762 0.000876814 -0.023912149 0.678916189
1548880217.686863661 -0.095328675 -6.155149234 1.384942315 -0.718317190 0.000478656 -0.026213839 0.695221562
1548880219.087047577 -0.105525116 -6.464296218 1.402788863 -0.713750633 -0.003067132 -0.021944787 0.700049322
1548880220.520569563 -0.105973544 -6.766632054 1.415069042 -0.714437990 0.002163032 -0.019843400 0.699413983
1548880221.954091787 -0.116005558 -7.068139549 1.435717224 -0.719395132 0.000752917 -0.024815668 0.694157230
1548880223.387614727 -0.120367104 -7.371420552 1.460505457 -0.722300840 0.004184241 -0.023389113 0.691170701
1548880224.687785625 -0.122604963 -7.673075658 1.472015208 -0.714043063 0.002630701 -0.023605622 0.699698763
1548880225.987956762 -0.128045930 -7.985024686 1.483921296 -0.702938863 0.004801722 -0.024701102 0.710805004
1548880227.521491766 -0.151341586 -8.291453297 1.491656830 -0.712292261 0.002822426 -0.027581507 0.701335176
1548880229.021689653 -0.162386339 -8.608447906 1.504792262 -0.719703318 0.015832245 -0.034524781 0.693242031
1548880230.555224657 -0.185645598 -8.940497723 1.522798149 -0.719709875 0.034311766 -0.050754829 0.691566588
1548880231.888733625 -0.227548836 -9.248292241 1.547631122 -0.719496945 0.029273512 -0.050711922 0.692022766
1548880233.255580664 -0.265497873 -9.583422525 1.567039750 -0.718921598 0.026871256 -0.057256642 0.692207591
1548880234.555751562 -0.297948848 -9.892302401 1.584138886 -0.717749241 0.035338152 -0.065171884 0.692343749
1548880235.922598600 -0.329745668 -10.199502066 1.606049615 -0.719477326 0.047311789 -0.066074751 0.689744952
1548880237.322783709 -0.380016246 -10.507354732 1.619693556 -0.719482606 0.047662430 -0.073810717 0.688930367
1548880238.522941589 -0.445503254 -10.807177772 1.641520544 -0.710749866 0.040384652 -0.079084205 0.697817595
1548880239.956463575 -0.497839486 -11.109087948 1.660064742 -0.719449061 0.052268075 -0.087040467 0.687084459
1548880241.356647730 -0.565006578 -11.415085456 1.678301011 -0.725905919 0.055672536 -0.093073353 0.679189603
1548880242.656819820 -0.645235730 -11.727558390 1.706472795 -0.713002423 0.035797291 -0.090400123 0.694387439
1548880243.890314817 -0.695019354 -12.032420638 1.720833080 -0.714814077 0.035405317 -0.086161864 0.693082558
1548880245.057135582 -0.769255267 -12.357937147 1.724958185 -0.700381869 0.025620252 -0.093703444 0.707126937
1548880246.323968649 -0.817280190 -12.676143098 1.732260913 -0.699663011 0.025796031 -0.089259721 0.708405914
1548880247.690815687 -0.884743735 -12.984581814 1.738799905 -0.714734071 0.028271966 -0.096235131 0.692166673
1548880248.824298859 -0.928785152 -13.286783444 1.752018993 -0.718415528 0.019982903 -0.076133216 0.691146544
1548880249.857767582 -0.989152196 -13.575347872 1.772030226 -0.724059855 0.005593117 -0.079645247 0.685100487
1548880250.891237736 -1.023594320 -13.891915443 1.794894043 -0.724415255 -0.000617673 -0.067249459 0.686075555
1548880251.791355610 -1.061501870 -14.192634233 1.815387059 -0.714651677 -0.009198316 -0.068591843 0.696048511
1548880252.691474676 -1.085569728 -14.514499488 1.823832210 -0.700173400 -0.010505162 -0.064914466 0.710938087
1548880253.591592789 -1.104803547 -14.831166682 1.828795740 -0.689977206 -0.008731639 -0.062440479 0.721080023
1548880254.658400774 -1.119930758 -15.161887276 1.824816794 -0.697951957 -0.003736264 -0.060672695 0.713560040
1548880255.691869736 -1.127102401 -15.514185786 1.831452933 -0.695383699 0.006645108 -0.053067376 0.716645804
1548880256.725338697 -1.151486212 -15.830121056 1.833600671 -0.700241763 0.010556454 -0.054112972 0.711773715
1548880257.758808613 -1.171323719 -16.143308528 1.837430278 -0.707462259 0.018183715 -0.051973833 0.704602885
1548880258.758940697 -1.210037817 -16.460536820 1.846033032 -0.706838135 0.018211760 -0.058611518 0.704707651
1548880259.825747728 -1.246570263 -16.780804512 1.859733406 -0.716673464 0.015855001 -0.058559862 0.694765074
1548880260.859216690 -1.277623402 -17.117483415 1.876437980 -0.720022701 0.015671508 -0.055941508 0.691514469
1548880261.859348774 -1.301215621 -17.439863959 1.898233225 -0.721643631 0.017227446 -0.048849673 0.690324123
1548880262.792804718 -1.318506560 -17.746329220 1.920119515 -0.718510501 0.021359380 -0.041868844 0.693926103
1548880263.726261854 -1.338122889 -18.065573872 1.935418161 -0.713563737 0.018235698 -0.036314964 0.699410807
1548880264.693055630 -1.354575497 -18.393360002 1.948977964 -0.704945406 0.017786380 -0.030893864 0.708365152
1548880265.626511574 -1.384214022 -18.706341168 1.958145997 -0.710037617 0.013269141 -0.034284245 0.703203458
1548880266.426616907 -1.423892104 -19.021417979 1.974360367 -0.703920839 0.004683478 -0.039121423 0.709184765
1548880267.226722717 -1.440444533 -19.322479807 1.976827433 -0.702985757 0.001543043 -0.038059548 0.710183156
1548880268.026827812 -1.469531552 -19.644510401 1.977915372 -0.695799832 -0.006559546 -0.039314065 0.717128978
1548880268.926946878 -1.475453768 -19.961918504 1.982717962 -0.705499700 -0.006001802 -0.032362009 0.707945515
1548880269.860402584 -1.474439939 -20.312560104 1.991919640 -0.709067252 -0.000963917 -0.023713758 0.704741343
1548880270.793858767 -1.491651067 -20.651811874 2.004624894 -0.712447339 -0.002188614 -0.028934791 0.701125364
1548880271.593964815 -1.521402916 -20.954223199 2.019070645 -0.709317187 -0.003770736 -0.043301188 0.703548091
1548880272.494082928 -1.532472145 -21.281979568 2.032553620 -0.721439238 0.004198293 -0.042479955 0.691160801
1548880273.327526569 -1.550591400 -21.604743464 2.055708153 -0.715756105 0.007756510 -0.043390554 0.696957885
1548880274.127631664 -1.563214018 -21.908514565 2.072012097 -0.714527505 0.013168834 -0.041610451 0.698244654
1548880274.927736759 -1.587222700 -22.210448522 2.085002517 -0.712419611 0.015760565 -0.045234015 0.700116981
1548880275.727842808 -1.628086393 -22.539497911 2.098575032 -0.698334359 0.010361411 -0.054739512 0.713600274
1548880276.527947664 -1.656099348 -22.845234981 2.098126849 -0.695427946 0.008112875 -0.054837323 0.716454480
1548880277.328053713 -1.692302782 -23.147228891 2.098149703 -0.695819451 0.012998411 -0.066472829 0.715015871
1548880278.161496639 -1.738694051 -23.446177898 2.100808339 -0.696509636 0.021293346 -0.082765832 0.712439988
1548880279.094952822 -1.772663786 -23.751338634 2.097584254 -0.698322363 -0.018483991 -0.038932764 0.714484751
1548880280.028408766 -1.779407408 -24.084137336 2.099348077 -0.698946659 -0.018961267 -0.036442961 0.713992961
1548880280.995202780 -1.776820327 -24.423472962 2.104736376 -0.705720447 -0.014233663 -0.030073595 0.707708720
1548880281.628619671 -1.774428106 -24.666469884 2.114537732 -0.699360717 -0.009068351 -0.024069894 0.714305952
1548880281.795308828 -1.761595954 -24.735421504 2.112798000 -0.698028337 -0.007479616 -0.021025750 0.715722302
1548880282.595413685 -1.758322663 -25.022007699 2.116942668 -0.698360705 -0.001236059 -0.020759573 0.715443805
1548880283.528869629 -1.768274595 -25.351285164 2.114539484 -0.702612148 0.005951143 -0.028117975 0.710992358
1548880284.328975677 -1.784911978 -25.653263792 2.122474985 -0.698206301 0.003058238 -0.032294975 0.715161270
1548880285.295769691 -1.798289757 -25.982514513 2.130267783 -0.712630988 0.006118230 -0.033914906 0.700692101
1548880286.095874786 -1.805712729 -26.283029003 2.137463165 -0.710608001 0.007378550 -0.029335486 0.702937590
1548880286.895980835 -1.826584150 -26.581744439 2.151936418 -0.707979937 0.005363690 -0.033687410 0.705408250
1548880287.696085691 -1.832968528 -26.892286815 2.156409959 -0.704623648 0.006354938 -0.028016758 0.708999429
1548880288.596204758 -1.856783964 -27.225986896 2.169116246 -0.707472724 0.003257563 -0.031192697 0.706044438
1548880289.562998772 -1.875306383 -27.569701027 2.177735984 -0.716346073 0.004953892 -0.030779369 0.697048344
1548880290.463116884 -1.890233558 -27.896519641 2.198629100 -0.721385900 0.003148050 -0.029148611 0.691912445
1548880291.263222694 -1.897121368 -28.203454569 2.219679408 -0.720794840 -0.013445490 -0.003616206 0.693008615
1548880292.096665621 -1.892494029 -28.530431434 2.240550626 -0.714242767 -0.042748959 0.020600175 0.698287498
1548880292.963446856 -1.857223699 -28.862308775 2.256892898 -0.711902859 -0.047430464 0.026160162 0.700185915
1548880294.030253887 -1.829418940 -29.159746054 2.268884886 -0.709908921 -0.051934569 0.025668840 0.701906856
1548880295.863828659 -1.790321775 -29.476904893 2.282378352 -0.708590324 -0.056171735 0.029567780 0.702759016
1548880297.630727768 -1.747460255 -29.787356394 2.296628290 -0.703384998 -0.053911584 0.027945424 0.708210519
1548880299.464302540 -1.713979244 -30.095030793 2.302851206 -0.706350826 -0.055046394 0.021066681 0.705403856
1548880301.197864771 -1.684843464 -30.395488429 2.311588089 -0.709169021 -0.041796627 0.005108379 0.703779970
1548880305.231728554 -1.673263202 -30.656345847 2.318206170 -0.705454906 0.012119703 -0.055017394 0.706512261
1548880307.332005739 -1.655558149 -30.647864858 2.317280580 -0.693337530 0.100936109 -0.148435946 0.697898088
1548880309.532295704 -1.634053981 -30.624555051 2.317887667 -0.671101265 0.188067313 -0.240647340 0.675531372
1548880311.565896749 -1.595981371 -30.630711302 2.321631729 -0.632703209 0.274268865 -0.327499443 0.645915903
1548880313.535485744 -1.538787073 -30.672750310 2.325704222 -0.579922273 0.357182530 -0.413137738 0.604506416
1548880315.603696585 -1.506079058 -30.722211242 2.330830453 -0.516287806 0.434698451 -0.494924250 0.547297126
1548880317.303920746 -1.490831005 -30.780784682 2.331056756 0.449905430 -0.499736006 0.560115127 -0.483859560
1548880319.066884518 -1.479006286 -30.846464953 2.330486389 0.375069375 -0.562393133 0.615062426 -0.405875769
1548880321.067148685 -1.483212848 -30.848163575 2.330465840 0.294429260 -0.598198254 0.672031517 -0.322248195
1548880326.434521675 -1.457319547 -30.921380350 2.343021755 0.200724387 -0.638599103 0.702620451 -0.241299415
1548880334.302225590 -1.278700493 -31.161111262 2.359096939 0.173235670 -0.648533991 0.710504873 -0.211130033
1548880339.069519520 -1.157162242 -31.406175272 2.380560006 0.115865284 -0.668424952 0.720090315 -0.145784969
1548880344.303542852 -1.040414638 -31.687790319 2.390013088 0.118001450 -0.671967333 0.718147321 -0.137113045
1548880347.470626831 -1.001336543 -31.843402730 2.399455681 0.090153055 -0.676487882 0.721774338 -0.115231842
1548880349.037499666 -0.959885131 -31.935965820 2.399579494 0.084419381 -0.676764820 0.722830192 -0.111262126
1548880351.971219778 -0.933984131 -32.095849537 2.395499286 0.085155406 -0.672303577 0.727294572 -0.108623491
1548880355.771719694 -0.863428245 -32.347807146 2.412081493 0.081779908 -0.672635553 0.726955802 -0.111394439
1548880358.705439806 -0.801318423 -32.603868594 2.419987979 0.074824897 -0.674927836 0.725804972 -0.109912664
1548880362.039212704 -0.713892924 -32.897932967 2.433663915 0.083310836 -0.676795646 0.720664260 -0.125099890
1548880365.606348753 -0.625948900 -33.199149336 2.450563522 0.077908312 -0.671663516 0.726572194 -0.122029759
1548880368.940121651 -0.538446950 -33.495853824 2.464595855 0.079454723 -0.667688250 0.729769955 -0.123754437
1548880372.040529728 -0.454344150 -33.797035256 2.479213078 0.078396612 -0.679488311 0.719137934 -0.122434629
1548880376.274420738 -0.360459339 -34.089607035 2.501130845 0.078979046 -0.668476606 0.729810916 -0.119487927
1548880378.774750710 -0.302875000 -34.382700908 2.508190411 0.066952039 -0.668859443 0.729123931 -0.128540898
1548880380.308285713 -0.259870837 -34.680096122 2.519168281 0.031095878 -0.682429657 0.723682951 -0.098009166
1548880381.575119734 -0.220562742 -34.931917636 2.527550600 0.023539363 -0.677903743 0.729061805 -0.091440128
1548880383.008641720 -0.149979082 -35.224576208 2.537187115 0.031802124 -0.679564365 0.728975163 -0.076000730
1548880384.542176723 -0.085981671 -35.551492932 2.545617809 0.026695978 -0.671885156 0.737136542 -0.066987909
1548880385.809010744 -0.046732683 -35.875037505 2.553677634 0.041904078 -0.665249619 0.740609291 -0.084763618
1548880386.942492723 0.047289242 -36.162107125 2.587048652 0.095756733 -0.656354691 0.737159571 -0.128937717
1548880388.075975657 0.167064178 -36.462213585 2.609986503 0.124555040 -0.659759393 0.723235161 -0.161661643
1548880389.142782688 0.287202173 -36.724481417 2.637670073 0.133480831 -0.672349164 0.709253405 -0.164587594
1548880390.342940569 0.409444533 -37.012288395 2.652858962 0.132095612 -0.663160170 0.716424628 -0.171770461
1548880391.376410723 0.551320849 -37.264404697 2.666636591 0.140471439 -0.664241482 0.716790936 -0.158939558
1548880392.343204498 0.642905962 -37.492407600 2.676524828 0.139887525 -0.666105806 0.713179734 -0.167657991
1548880393.776726723 0.733170411 -37.754039091 2.691578194 0.102840163 -0.667892577 0.724171168 -0.137548264
1548880395.076897860 0.835979852 -38.010525763 2.709020288 0.109641151 -0.662981767 0.727267838 -0.139697838
1548880396.143704653 0.931087924 -38.242884848 2.719276290 0.126259774 -0.666828092 0.716831316 -0.159848770
1548880397.543889761 1.049884558 -38.532810758 2.735423621 0.125444415 -0.668725979 0.714289195 -0.163890847
1548880398.977411509 1.175169112 -38.814124814 2.747228184 0.125949743 -0.665889112 0.716109811 -0.167078099
1548880400.410933733 1.280670797 -39.100082797 2.760490862 0.116733847 -0.661985178 0.718657876 -0.177987895
1548880401.844455719 1.398210751 -39.389725663 2.777616982 0.101900713 -0.669116435 0.717782385 -0.163364283
1548880403.344653845 1.497383044 -39.679287708 2.801427184 0.082151081 -0.668113286 0.724915328 -0.146197142
1548880404.778175831 1.597695257 -39.945190736 2.807477270 0.080188931 -0.669316358 0.726710121 -0.132203431
1548880405.811645746 1.734918670 -40.248542283 2.818871567 0.126016610 -0.676341928 0.708384180 -0.157712601
1548880406.978465796 1.857948654 -40.545663902 2.834209645 0.123090422 -0.668513897 0.714964154 -0.163597608
1548880408.145285606 1.981074843 -40.840154377 2.853541128 0.119240932 -0.660181314 0.722523237 -0.167040130
1548880409.312106848 2.119409223 -41.142962598 2.874798722 0.148735917 -0.652674589 0.713852628 -0.205688924
1548880410.378913879 2.266039291 -41.408952397 2.901308862 0.152707931 -0.650502490 0.713054472 -0.212320790
1548880411.579071760 2.438020076 -41.691306737 2.926671261 0.155995842 -0.643857029 0.718557179 -0.211634127
1548880412.645878792 2.582918623 -41.974207072 2.950888431 0.152104538 -0.651088724 0.710510940 -0.219367015
1548880413.812699556 2.730615239 -42.248863094 2.981101593 0.144708230 -0.641809038 0.718008584 -0.227165933
1548880414.979519844 2.900665275 -42.525200506 3.017094174 0.145276175 -0.637401308 0.722909955 -0.223641682
1548880416.046326876 3.024009092 -42.795315313 3.051763302 0.137887119 -0.636248202 0.720158765 -0.239888977
1548880416.946445942 3.187471401 -43.032661133 3.074475878 0.150942737 -0.647064630 0.712056642 -0.226933895
1548880417.979914665 3.344746735 -43.291279201 3.102937659 0.163090001 -0.646631769 0.706287552 -0.237543472
1548880419.080059767 3.514215651 -43.543630048 3.125177504 0.173973948 -0.639058971 0.706033178 -0.250706699
1548880420.113529682 3.706524299 -43.807695184 3.144985779 0.189498279 -0.649044237 0.690884124 -0.255951378
1548880421.280349731 3.870748576 -43.999095708 3.164414756 0.181924396 -0.645306242 0.698004885 -0.251540353
1548880422.580520630 4.039525212 -44.272243732 3.193068938 0.166543549 -0.635714829 0.710980593 -0.250272847
1548880423.247275829 4.137575705 -44.515656093 3.185797713 0.150627796 -0.666702759 0.681012501 -0.262755915
1548880424.547446728 4.308311279 -44.785834402 3.198119117 0.145184753 -0.651987670 0.694901976 -0.266354480
1548880425.647591591 4.486745601 -45.060005506 3.214029030 0.152588374 -0.659205439 0.687037069 -0.264849097
1548880426.681061745 4.669393178 -45.304848170 3.232196123 0.168322453 -0.663544286 0.681699881 -0.258189472
1548880428.014570713 4.894569679 -45.566977744 3.255531439 0.181761701 -0.644683247 0.700568572 -0.246068832
1548880429.181390524 5.107360831 -45.817985902 3.264254854 0.190864450 -0.642371911 0.705236029 -0.231454603
1548880430.381548882 5.285069838 -46.077910211 3.283713849 0.178408656 -0.640900383 0.716108390 -0.211200912
1548880431.448355675 5.448849646 -46.364260237 3.309986089 0.176458640 -0.658796593 0.698574747 -0.216431793
1548880432.548500776 5.646889272 -46.615084070 3.328995045 0.180439094 -0.656833330 0.703859931 -0.201476815
