1548808062.840404510 0.000000000 0.000000000 1.000000000 -0.707106781 0.000000000 0.000000000 0.707106781
1548808066.940944433 0.004511704 -0.299042617 1.006356125 -0.706385971 0.003964102 -0.003455972 0.707807320
1548808071.441537380 0.000775980 -0.648820875 1.017417763 -0.704685162 -0.042672007 0.042592364 0.706953897
1548808072.675033331 0.036277449 -0.952925683 1.024523903 -0.708023043 0.001676913 -0.005503251 0.706165896
1548808073.808516264 0.029404253 -1.269815180 1.031437130 -0.707852512 0.003445993 -0.006096209 0.706325550
1548808074.841985226 0.018417377 -1.586002911 1.039443416 -0.708409562 0.001277977 -0.007776583 0.705757596
1548808075.875455379 0.010837527 -1.924258362 1.050413206 -0.708850427 0.002715511 -0.008608193 0.705301068
1548808076.742235422 0.001325786 -2.256320956 1.060072077 -0.705218953 0.002894207 -0.007693308 0.708941933
1548808077.642354488 -0.007859992 -2.599459712 1.067537132 -0.706105528 0.003362577 -0.009225633 0.708038533
1548808078.442459345 -0.014708184 -2.899090872 1.073572901 -0.708573411 0.004689763 -0.007835830 0.705578009
1548808084.476588249 -0.029512379 -3.275801851 1.079299386 -0.709043890 0.005518904 -0.011238365 0.705053192
1548808085.343368530 -0.041543068 -3.640754599 1.084620518 -0.705422237 -0.020339972 0.020309969 0.708204248
1548808086.776891470 -0.026564218 -3.944942808 1.090892255 -0.703413249 -0.030526789 0.027981706 0.709573774
1548808088.177075386 -0.002194380 -4.255080795 1.107477584 -0.704570452 -0.000785954 -0.006516706 0.709603687
1548808089.077194452 -0.010514274 -4.573823475 1.114168926 -0.704655853 0.016229513 -0.027922324 0.708813851
1548808089.943974495 -0.052611566 -4.904909467 1.112746561 -0.705186633 0.041770573 -0.055036230 0.705647253
1548808090.744080305 -0.092340464 -5.201956504 1.117931882 -0.706892433 0.021930716 -0.031970073 0.706257776
1548808091.644198418 -0.122205721 -5.549489404 1.124733697 -0.701789152 0.020902395 -0.030724735 0.711414835
1548808092.544317484 -0.153095593 -5.924336752 1.134973669 -0.704399933 0.012151224 -0.022956272 0.709327915
1548808093.411098480 -0.163965432 -6.236968794 1.139824291 -0.708953723 0.002448413 -0.005996373 0.705225260
1548808094.311216354 -0.170604104 -6.599677555 1.152857103 -0.708689214 0.002217034 -0.005653113 0.705494667
1548808095.211335421 -0.184355236 -6.936645228 1.163426106 -0.709129168 -0.007089416 0.004682397 0.705027403
1548808096.111454487 -0.189309859 -7.266409201 1.158745199 -0.708409947 -0.021373172 0.013056257 0.705356696
1548808097.044910431 -0.163210712 -7.542697738 1.180225467 -0.706531722 -0.014592929 -0.003573251 0.707521875
1548808097.945028305 -0.167351767 -7.850751936 1.179870370 -0.709219178 -0.003359292 -0.013603168 0.704848797
1548808098.845147371 -0.174711585 -8.181974334 1.186434078 -0.711127906 -0.003345911 -0.013727177 0.702920672
1548808099.745266438 -0.178962283 -8.524865716 1.197466992 -0.709058758 -0.033801539 0.018615377 0.704092751
1548808100.645384550 -0.152976603 -8.861262920 1.205925191 -0.707105670 -0.033658980 0.020659829 0.706004119
1548808101.578841448 -0.133329626 -9.204844967 1.216078116 -0.709590770 -0.031826748 0.019733622 0.703618207
1548808102.345608473 -0.114465713 -9.500751803 1.221805447 -0.706640237 -0.032410163 0.020905602 0.706521134
1548808103.212389469 -0.095038001 -9.826129773 1.232412121 -0.706985599 -0.031342771 0.022067822 0.706188364
1548808104.112508297 -0.076215486 -10.175046201 1.274853493 -0.708094702 -0.027228158 0.024818709 0.705155693
1548808104.979288340 -0.063065961 -10.492727025 1.281377559 -0.710124878 -0.026856812 0.022131083 0.703215176
1548808105.879407406 -0.049499754 -10.828885928 1.290754860 -0.709569952 -0.016601930 0.010121819 0.704366671
1548808106.746188402 -0.044149976 -11.156302070 1.300420779 -0.708224664 -0.015719603 0.009664016 0.705745936
1548808107.646306276 -0.035697815 -11.497685351 1.308279364 -0.707480294 -0.015713208 0.007737268 0.706516003
1548808108.546425343 -0.030350159 -11.845271141 1.315728885 -0.706016505 -0.013566064 0.006938621 0.708031434
1548808109.313193560 -0.022439259 -12.137432942 1.321650267 -0.705350943 -0.011510836 0.008841315 0.708709658
1548808110.213311434 -0.018519377 -12.472942344 1.329610058 -0.709373306 -0.012160855 0.007292495 0.704690319
1548808111.080092430 -0.011263454 -12.799478564 1.337936233 -0.708035615 -0.009644754 0.008013761 0.706065384
1548808111.980211496 -0.007784244 -13.136894536 1.349023038 -0.710730112 -0.009198314 0.006874849 0.703371051
1548808112.880329370 0.000620805 -13.484152669 1.359465070 -0.707803809 -0.007777723 0.008798102 0.706311453
1548808113.747110367 0.000053559 -13.810302691 1.365686267 -0.706007044 -0.007670593 0.007184685 0.708126822
1548808114.647229433 0.003207801 -14.141886802 1.373736290 -0.705425941 -0.007035709 0.008408224 0.708698838
1548808115.514010429 0.004818233 -14.462660757 1.380238543 -0.704601741 -0.016698287 0.017473907 0.709191241
1548808116.414128304 0.013563299 -14.750106715 1.381247020 -0.706935398 -0.043475867 0.038072912 0.704913218
1548808117.247571468 0.044171067 -15.064960244 1.388327478 -0.706959446 -0.045014902 0.038796158 0.704753047
1548808118.047677517 0.074790001 -15.367983763 1.396784652 -0.706324909 -0.044521276 0.039084121 0.705404430
1548808118.847782373 0.107062472 -15.672447347 1.404779989 -0.705146798 -0.044053997 0.039727087 0.706575543
1548808119.747901440 0.144635642 -16.007016754 1.413654436 -0.705514222 -0.045204876 0.040812148 0.706074054
1548808120.581344604 0.180366940 -16.333598066 1.422624694 -0.706854526 -0.047996091 0.038359870 0.704685444
1548808121.481462240 0.212762973 -16.697310705 1.435590881 -0.707445469 -0.044676550 0.038832428 0.704284713
1548808122.381581306 0.247699175 -17.025025170 1.445846176 -0.708995288 -0.030924779 0.022597123 0.704172358
1548808123.181686163 0.259493229 -17.326013992 1.456101240 -0.708590444 -0.022105886 0.012603011 0.705161029
1548808124.081805229 0.275729855 -17.694510308 1.468781807 -0.708779952 -0.022627001 0.011458717 0.704973543
1548808124.881910324 0.282270664 -17.998083755 1.476200968 -0.709897854 -0.021493928 0.010404773 0.703899700
1548808125.782029390 0.298309462 -18.347098540 1.489159325 -0.709877181 -0.012690971 0.000761160 0.704210727
1548808126.682147264 0.294230875 -18.681327368 1.500334289 -0.711668917 -0.012078939 -0.002343254 0.702407261
1548808127.482253313 0.293237936 -18.983539182 1.511704536 -0.712829239 -0.012269047 -0.002745956 0.701224933
1548808128.249021530 0.293029506 -19.292412364 1.524383008 -0.709836220 -0.013167147 -0.003108039 0.704236826
1548808129.015788317 0.287914664 -19.588901202 1.532815158 -0.707674910 -0.016660387 -0.000551594 0.706341525
1548808129.882569551 0.298749164 -19.904833123 1.540769884 -0.708172536 -0.042347449 0.032651213 0.704011542
1548808130.782688618 0.325447897 -20.236606673 1.552342033 -0.709052605 -0.039349928 0.025448831 0.703596719
1548808131.682806253 0.351674724 -20.577693608 1.562466922 -0.708699562 -0.034341820 0.023605009 0.704278619
1548808132.482912540 0.379423296 -20.885453743 1.569802922 -0.709000168 -0.033418893 0.024549783 0.703988101
1548808133.316355228 0.401345988 -21.205832347 1.579224158 -0.708138595 -0.031066156 0.021261870 0.705069186
1548808134.216473341 0.419468114 -21.554943802 1.586241690 -0.704674823 -0.015766081 0.004601593 0.709340292
1548808135.083254337 0.424573617 -21.878360207 1.593321693 -0.707089869 -0.009951125 0.001354450 0.707052373
1548808135.983373404 0.421783078 -22.216608458 1.600379501 -0.708745536 -0.009086819 -0.001635765 0.705403799
1548808136.783478260 0.422193224 -22.515566072 1.609725652 -0.709018443 0.004797343 -0.013643023 0.705041630
1548808137.950298309 0.405419141 -22.834296187 1.618011854 -0.706995382 0.020570837 -0.026121268 0.706436161
1548808139.450496435 0.373665216 -23.131491746 1.624763196 -0.703799031 0.029628570 -0.036389537 0.708847567
1548808141.117382288 0.343820381 -23.432122607 1.631166831 -0.700975734 0.033278743 -0.036914763 0.711451225
1548808142.884282351 0.312815610 -23.730623374 1.633419045 -0.700757856 0.035318625 -0.037602853 0.711531480
1548808144.717857361 0.278719158 -24.033454938 1.637164352 -0.703957846 0.035445917 -0.037220993 0.708379514
1548808146.651445389 0.249559235 -24.305445605 1.640216310 -0.700053388 0.035270763 -0.037254301 0.712245284
1548808149.651840448 0.195020504 -24.607447624 1.645736646 -0.699030152 0.004695484 -0.008733503 0.715023443
1548808153.118963480 0.244170236 -24.904211947 1.666312935 -0.710625792 0.028483289 0.017546939 0.702774353
1548808156.152696371 0.176667731 -25.207528534 1.656503410 -0.707936851 -0.001897432 -0.003848088 0.706262704
1548808159.353118420 0.173503305 -25.506639578 1.665249745 -0.711823838 -0.004746032 0.000418104 0.702341885
1548808163.653684378 0.142877276 -25.648408894 1.672388502 -0.706802680 -0.094130028 0.098372243 0.694184710
1548808165.487259388 0.106119494 -25.662666449 1.673337116 -0.686608650 -0.184116118 0.193844201 0.676087452
1548808167.154146194 0.076042458 -25.680836731 1.672432161 -0.655590697 -0.268129899 0.285215860 0.645723709
1548808168.821032524 0.050673281 -25.704446963 1.673216226 -0.612743617 -0.348626620 0.372441745 0.603565976
1548808170.487918377 0.014976352 -25.734790343 1.674628817 -0.558049294 -0.425073085 0.455199699 0.548349425
1548808172.254818201 -0.106756163 -25.769975647 1.677138023 -0.493498384 -0.491109217 0.527589464 0.486744737
1548808172.754883289 -0.145562548 -25.794029161 1.678321377 -0.457852976 -0.520922472 0.559862105 0.453392604
1548808173.154936314 -0.173170036 -25.820168223 1.679582717 -0.427883026 -0.543384064 0.584229714 0.424647520
1548808173.254949331 -0.181045859 -25.824823473 1.678498254 -0.419556677 -0.548977065 0.590593879 0.416887570
1548808173.388300180 -0.190974207 -25.832802751 1.679175881 -0.409395648 -0.555826743 0.598250939 0.406875472
1548808173.521651506 -0.199194815 -25.841885889 1.679376874 -0.399816502 -0.562377249 0.605381936 0.396725731
1548808173.655002356 -0.207579386 -25.851983535 1.679499240 -0.388932449 -0.569262922 0.612399823 0.386830367
1548808174.021717548 -0.242934325 -25.882260793 1.678475310 -0.360108557 -0.585080995 0.631966563 0.358636752
1548808176.088656425 -0.492424176 -26.075301807 1.686336961 -0.325428750 -0.605232643 0.649872208 0.324739419
1548808178.122257471 -0.745952704 -26.248438598 1.697241566 -0.325097766 -0.604958309 0.650817103 0.323688099
1548808179.922494411 -0.948376335 -26.373809569 1.701766175 -0.347651290 -0.593451810 0.636594268 0.348857087
1548808181.989433289 -1.185511943 -26.450528336 1.705689905 -0.406134497 -0.559978484 0.598943906 0.403416738
1548808182.789539337 -1.254279283 -26.443530956 1.705643157 -0.448168214 -0.527906356 0.565562008 0.447883630
1548808184.556438208 -1.558974067 -26.461784969 1.697923809 -0.474224760 -0.506787143 0.544147117 0.471361415
1548808186.089973450 -1.866218239 -26.468820463 1.697173599 -0.487915439 -0.497809731 0.529368878 0.483624427
1548808187.390145302 -2.201648731 -26.483384520 1.701052835 -0.487996258 -0.496212665 0.527510302 0.487201728
1548808188.423614502 -2.519039781 -26.488427112 1.702997448 -0.488982376 -0.493759063 0.529347929 0.486712434
1548808189.323733568 -2.849978792 -26.497516871 1.704012714 -0.490722185 -0.492520908 0.528464128 0.487176106
1548808190.190514326 -3.167216180 -26.497335327 1.703045465 -0.491597476 -0.492024628 0.526165198 0.489278930
1548808191.090632439 -3.505581892 -26.502889256 1.704279488 -0.494876663 -0.490425072 0.524406217 0.489467524
1548808191.990751505 -3.846134136 -26.505804024 1.706682398 -0.497209774 -0.486350794 0.523136841 0.492517199
1548808192.890869617 -4.181451965 -26.504427212 1.705519441 -0.503161556 -0.482391422 0.515349419 0.498539808
1548808193.790988207 -4.519450854 -26.494776267 1.707355180 -0.504584356 -0.479672417 0.516104667 0.498943857
1548808194.691106319 -4.856123130 -26.488327858 1.702210532 -0.504658098 -0.478570710 0.516176213 0.499852375
1548808195.524550438 -5.168293735 -26.477189224 1.709503331 -0.504888912 -0.480166121 0.515218527 0.499076701
1548808196.391330242 -5.495175460 -26.474144947 1.707023423 -0.501925836 -0.478731914 0.517066430 0.501526187
1548808197.224774361 -5.809270913 -26.467792098 1.711191705 -0.501537738 -0.476962677 0.518093210 0.502539479
1548808198.124892473 -6.154883005 -26.463092067 1.716424003 -0.502042676 -0.479460141 0.515440945 0.502386063
1548808198.924998283 -6.461874800 -26.455210828 1.721382316 -0.502546253 -0.478871685 0.515979663 0.501890586
1548808199.825116396 -6.806190064 -26.451419582 1.722684743 -0.499633714 -0.483943309 0.519329710 0.496449069
1548808200.725235462 -7.140130712 -26.452852261 1.726526203 -0.496047900 -0.485242026 0.523339684 0.494562668
1548808201.525340319 -7.441714784 -26.453176801 1.729488321 -0.495335647 -0.485290471 0.524656188 0.493833615
1548808202.425459385 -7.786503244 -26.455148382 1.733079943 -0.497615105 -0.486934807 0.523272771 0.491385091
1548808203.225564480 -8.075576502 -26.462141231 1.734405818 -0.496931686 -0.487534536 0.522820829 0.491962759
1548808204.125683546 -8.406710667 -26.467356209 1.737014025 -0.495085760 -0.486277488 0.525331659 0.492393079
1548808204.925788403 -8.712021562 -26.468832976 1.737526408 -0.495909374 -0.487266210 0.524543304 0.491426348
1548808205.825907469 -9.062550587 -26.476104716 1.738150853 -0.496182063 -0.489419163 0.522620127 0.491060533
1548808206.692687273 -9.390507388 -26.482498261 1.743902019 -0.497933680 -0.488802576 0.523835820 0.488600170
1548808207.592806339 -9.717347064 -26.490078310 1.739781782 -0.493925245 -0.487068569 0.526653657 0.491363395
1548808208.459587336 -10.045084110 -26.499097604 1.743589120 -0.494537896 -0.485353904 0.526963773 0.492110800
1548808209.359705448 -10.388664027 -26.507343176 1.746070032 -0.494142988 -0.488776337 0.525048984 0.491165924
1548808210.259824276 -10.724173264 -26.516630318 1.749085885 -0.492180797 -0.487182532 0.527129671 0.492489141
1548808211.059929371 -11.025716650 -26.527974237 1.752866919 -0.489738803 -0.490396059 0.524168558 0.494888808
1548808211.993386507 -11.374159699 -26.532877896 1.757022535 -0.488519616 -0.488498070 0.525855187 0.496179949
1548808212.860167503 -11.708082908 -26.537828531 1.760012625 -0.491026358 -0.490502173 0.524165165 0.493509487
1548808213.760285378 -12.041131153 -26.545403760 1.765939680 -0.487796326 -0.488994392 0.525846560 0.496411749
1548808214.560391426 -12.346559988 -26.556426892 1.769253309 -0.488883384 -0.489477170 0.525265480 0.495480890
1548808215.360496283 -12.654016057 -26.562295470 1.773723486 -0.490914072 -0.491396527 0.523594589 0.493337140
1548808216.293952465 -13.006721286 -26.571369012 1.777871088 -0.491511020 -0.488660162 0.521394025 0.497771467
1548808217.094058514 -13.307824894 -26.560905559 1.781494673 -0.499110169 -0.482114776 0.515631417 0.502572009
1548808218.027514458 -13.652557759 -26.554917038 1.786465838 -0.497617718 -0.479685164 0.516944891 0.505021514
1548808218.827619314 -13.951745617 -26.550469386 1.790840510 -0.497050472 -0.481301568 0.515069536 0.505957510
1548808219.627725363 -14.255450953 -26.545298509 1.794907613 -0.496878491 -0.482721707 0.513623429 0.506243510
1548808220.527843237 -14.582295288 -26.534809041 1.800050925 -0.497216299 -0.482262357 0.513474228 0.506500926
1548808221.327949286 -14.881803756 -26.531121438 1.804541338 -0.497256541 -0.485708782 0.509569352 0.507111415
1548808222.128054380 -15.190267746 -26.521914142 1.806285532 -0.497570801 -0.486034532 0.510453177 0.505599927
1548808222.928160429 -15.479957806 -26.519763286 1.806634762 -0.496597044 -0.485035388 0.509867507 0.508101539
1548808223.828278303 -15.813805445 -26.513162516 1.811683047 -0.495128115 -0.482686244 0.512107519 0.509517447
1548808224.628383398 -16.113060586 -26.512882246 1.816164482 -0.488985190 -0.487670487 0.518363283 0.504351551
1548808225.461827278 -16.393081813 -26.484271771 1.814882547 -0.487849775 -0.493811951 0.518505447 0.499303972
1548808226.361945391 -16.729995276 -26.499411911 1.819635782 -0.486896646 -0.494383263 0.517616382 0.500589779
1548808227.295401573 -17.066159596 -26.507674019 1.821829136 -0.483863995 -0.493365231 0.519674535 0.502399005
1548808228.195520401 -17.394568627 -26.515097037 1.827269038 -0.482792147 -0.493356671 0.519246428 0.503879037
1548808229.095639229 -17.724323959 -26.520573127 1.832401010 -0.481204849 -0.492172755 0.519222204 0.506572972
1548808229.995757341 -18.068512339 -26.520871052 1.836840925 -0.484053748 -0.492828635 0.519013183 0.503425488
1548808230.795863390 -18.376478396 -26.522677366 1.840262816 -0.483899043 -0.493514956 0.519767468 0.502121981
1548808231.595968485 -18.675799487 -26.532959438 1.845201771 -0.482307377 -0.495331273 0.518210317 0.503472533
1548808232.262723446 -18.920819409 -26.540171339 1.848471171 -0.480808992 -0.495466958 0.520120984 0.502801520
1548808233.096166372 -19.222645963 -26.547095038 1.855626310 -0.478639248 -0.495885784 0.522180435 0.502323952
1548808233.996284485 -19.546876300 -26.557602694 1.864834079 -0.475078512 -0.492650394 0.525711234 0.505196690
1548808234.929741383 -19.882183419 -26.565354958 1.876879899 -0.471762326 -0.491400234 0.529344048 0.505728185
1548808235.829859257 -20.220002646 -26.574255270 1.887711400 -0.475003957 -0.492381032 0.527272681 0.503900465
1548808236.729978323 -20.557224691 -26.573459079 1.895375233 -0.489432476 -0.483745887 0.512869021 0.513235945
1548808237.630096436 -20.872700666 -26.566539927 1.904632667 -0.486173981 -0.482692894 0.515803836 0.514381991
1548808238.463539362 -21.176456447 -26.567589548 1.913250695 -0.481187878 -0.486296653 0.519851851 0.511593437
