1548882867.111150742 0.000000000 0.000000000 1.000000000 -0.707106781 0.000000000 0.000000000 0.707106781
1548882869.744831085 0.008926024 -0.323504848 1.010613705 -0.703138812 -0.011564823 0.023171704 0.710580845
1548882870.777517080 0.020833213 -0.642321488 1.017761489 -0.699993082 -0.035922673 0.039503924 0.712150747
1548882871.809166908 0.049603860 -0.948862483 1.022654877 -0.701717681 -0.036195129 0.038329384 0.710501983
1548882872.841581106 0.077059737 -1.246845162 1.035898919 -0.714662702 -0.030443769 0.025959625 0.698324063
1548882873.873884916 0.103778083 -1.575864643 1.045624308 -0.717549139 -0.011522188 0.008363752 0.696362349
1548882874.741832018 0.092737832 -1.903443373 1.062889242 -0.714068583 -0.010073580 -0.007333735 0.699964855
1548882875.643004894 0.115141717 -2.229500129 1.075214553 -0.717967660 -0.037318270 0.034167810 0.694235080
1548882876.444066048 0.177336462 -2.525083664 1.096479327 -0.705404419 -0.055075871 0.070497829 0.703136765
1548882877.244170904 0.241121391 -2.834314443 1.103488734 -0.701078887 -0.051169457 0.073996002 0.707385802
1548882878.145154953 0.300503722 -3.157246882 1.112996862 -0.704837936 -0.049125032 0.072599790 0.703931450
1548882879.045273066 0.349805361 -3.454344757 1.122461765 -0.717249823 -0.084661168 0.102160765 0.684067508
1548882879.945391893 0.426734985 -3.787727304 1.145367517 -0.706498425 -0.106661227 0.116326915 0.689892315
1548882880.712160110 0.544104235 -4.113854892 1.145412151 -0.682401319 -0.106031811 0.131616503 0.711170015
1548882881.613060951 0.657853324 -4.395995773 1.150644793 -0.699970524 -0.085439457 0.117934656 0.699165775
1548882882.513180017 0.754729364 -4.705288937 1.153307991 -0.705900698 -0.070769599 0.109746120 0.696169274
1548882883.279947042 0.818864528 -5.004687265 1.166032619 -0.698720748 -0.075115404 0.099875855 0.704394638
1548882884.180066109 0.914660850 -5.315737349 1.171330390 -0.703468906 -0.072399723 0.105661465 0.699089002
1548882885.046846867 1.015825646 -5.628736833 1.184529379 -0.701601654 -0.065956946 0.114317881 0.700240118
1548882886.046979189 1.105062878 -5.962529641 1.195590796 -0.714481263 -0.062471519 0.111982400 0.687803589
1548882886.814455032 1.156517016 -6.267822230 1.213222239 -0.701200420 -0.071095233 0.101280472 0.702143649
1548882887.714574099 1.230570784 -6.610156836 1.226404930 -0.695506768 -0.069216135 0.093753159 0.709006211
1548882888.648030043 1.317803588 -6.950465220 1.229177768 -0.697233480 -0.059307744 0.091976006 0.708440880
1548882889.481472969 1.380836698 -7.273084638 1.230670879 -0.691086785 -0.051487787 0.080889843 0.716383205
1548882890.381592035 1.423061466 -7.592832621 1.236726383 -0.683197713 -0.115016496 0.131044060 0.709111800
1548882891.381723881 1.530647628 -7.881444665 1.241490803 -0.698924320 -0.121696588 0.130527423 0.692572977
1548882892.314471006 1.591073002 -8.192088156 1.259613946 -0.675518534 -0.148879641 0.119323732 0.712229886
1548882893.581304073 1.740833800 -8.467227831 1.258592531 -0.692258064 -0.163380627 0.159569987 0.684560416
1548882894.747342110 1.878222662 -8.732555315 1.269321573 -0.683805637 -0.178157322 0.178967456 0.684573202
1548882895.913296938 2.001532040 -9.025250587 1.278415447 -0.662387763 -0.187166506 0.167659517 0.705763018
1548882897.312526941 2.184948038 -9.286765477 1.269115175 -0.673938017 -0.173093518 0.179341672 0.695473039
1548882898.612697840 2.286567601 -9.569433342 1.266342123 -0.667593428 -0.196431346 0.163306148 0.699331712
1548882899.911813974 2.465886705 -9.838875858 1.262006142 -0.665146010 -0.184286031 0.175882043 0.701915202
1548882901.045296907 2.618035046 -10.096338056 1.269455803 -0.649599869 -0.177439290 0.185199599 0.715706935
1548882902.478819132 2.773694130 -10.365773940 1.242845617 -0.665838417 -0.172734611 0.178733269 0.703474502
1548882903.845665932 2.942103131 -10.629454891 1.235503953 -0.659103685 -0.165120789 0.190716941 0.708480421
1548882908.180624962 3.077694972 -10.895722296 1.217202127 -0.659018707 -0.135432792 0.150141149 0.724437670
1548882912.048755884 3.207325593 -11.166298154 1.203195554 -0.663385809 -0.129978092 0.152197397 0.721013812
1548882915.617540836 3.345641371 -11.436000651 1.188689100 -0.674983611 -0.097122791 0.127244726 0.720259029
1548882918.387989044 3.468776568 -11.639942049 1.177786065 -0.689659820 0.004994078 0.031637644 0.723424807
1548882920.289327860 3.511105127 -11.779292450 1.176987342 -0.687042777 0.094067923 -0.067477001 0.717335558
1548882921.989834070 3.560475364 -11.849744418 1.169981924 -0.678007949 0.187130201 -0.158556857 0.692926571
1548882923.656719923 3.616454250 -11.893326734 1.162864961 -0.654217950 0.277642396 -0.248560938 0.658126913
1548882925.656625986 3.720184222 -11.924959342 1.163415805 -0.604454200 0.369058597 -0.345570554 0.615639394
1548882927.921230078 3.878912890 -11.925624538 1.156951633 -0.555131930 0.436227734 -0.431524218 0.561534286
1548882931.651338100 4.186889608 -11.964757851 1.156115851 -0.503083590 0.489335180 -0.484986969 0.521771620
1548882935.317533016 4.480313349 -12.032176099 1.149372439 0.445109010 -0.525953930 0.536923542 -0.486789013
1548882938.317927837 4.757219654 -12.092793376 1.160322051 0.421982310 -0.556314547 0.564192179 -0.440604403
1548882941.585979939 5.031053936 -12.169397880 1.171913144 0.408481107 -0.540177703 0.581322880 -0.451015458
1548882942.987030029 5.347025648 -12.205650296 1.176488918 0.425410135 -0.529133406 0.591796763 -0.434534978
1548882944.287200928 5.655699847 -12.268172708 1.179008192 0.436146312 -0.531875094 0.589681692 -0.423273884
1548882945.588154793 5.961540910 -12.328476181 1.183537599 0.443034572 -0.528593102 0.594116431 -0.413926766
1548882946.755684853 6.275383055 -12.431743431 1.176807518 0.458652748 -0.540690698 0.561595443 -0.426499453
1548882948.055855989 6.600167284 -12.457861083 1.169302215 0.478315147 -0.522125985 0.550771852 -0.441870393
1548882949.189338923 6.926434446 -12.496142468 1.150615058 0.492977558 -0.517674182 0.539647511 -0.444710166
1548882950.322820902 7.247849619 -12.493116739 1.140566577 0.521289739 -0.487072847 0.513468525 -0.476830288
1548882951.590296984 7.555417174 -12.493318644 1.138490773 -0.506125720 0.467298466 -0.523546326 0.501366276
1548882952.857130051 7.865090020 -12.495157474 1.154866968 -0.489284633 0.454741125 -0.532446486 0.519915182
1548882953.990612984 8.191495815 -12.498376351 1.169972413 -0.487959692 0.460801128 -0.526897875 0.521475109
1548882955.024082899 8.518291035 -12.534807711 1.174209830 -0.488170839 0.479235494 -0.500036996 0.531023141
1548882956.190902948 8.834730259 -12.513924197 1.190503713 -0.488778121 0.468117803 -0.504785910 0.535866452
1548882957.357722998 9.146823885 -12.465446315 1.207640978 -0.508805661 0.433340120 -0.487663623 0.561709293
1548882958.391193151 9.450027291 -12.401325032 1.223029830 -0.523174300 0.432203218 -0.486324018 0.550434355
1548882959.659132957 9.768587575 -12.321370076 1.242602102 -0.520596034 0.414940793 -0.502952318 0.551219443
1548882960.659265041 10.102909998 -12.306123134 1.248258847 -0.528045187 0.439286948 -0.475456524 0.549669311
1548882961.992248058 10.429299087 -12.266931419 1.267850039 -0.510244559 0.430736327 -0.483970658 0.565587401
1548882963.059054852 10.755111509 -12.209953069 1.274545790 -0.508217431 0.458798479 -0.507656428 0.522976050
1548882964.325889111 11.074919307 -12.176602705 1.290001946 -0.504146923 0.453760303 -0.518484741 0.520683244
1548882965.358134985 11.356225351 -12.192988682 1.304105687 -0.485895761 0.469167376 -0.525418601 0.517419150
1548882966.291591883 11.662990287 -12.182156476 1.308657273 -0.501383155 0.481562514 -0.516151401 0.500300119
1548882967.457702875 11.998637886 -12.176112365 1.315165582 0.501811998 -0.483334409 0.518777178 -0.495421848
1548882968.591185808 12.325140152 -12.182673519 1.314080579 -0.502496810 0.480353077 -0.513076308 0.503498341
1548882969.592025757 12.630162760 -12.173521898 1.321086124 -0.504463810 0.475115286 -0.509326417 0.510263001
1548882970.626718998 12.958522981 -12.171568104 1.320796790 -0.503299418 0.476757373 -0.504278568 0.514873994
1548882971.693526030 13.266130654 -12.157443930 1.332096501 -0.496560999 0.466101904 -0.509700168 0.525720390
1548882972.726995945 13.609793917 -12.109452553 1.333060088 -0.512964889 0.461250651 -0.511041008 0.512788404
1548882973.493762970 13.857269563 -12.096474339 1.337836745 -0.510100597 0.469320693 -0.517959157 0.501252212
1548882974.559988976 14.163451887 -12.101826513 1.343804250 0.497665102 -0.476473848 0.532488379 -0.491689174
1548882975.593458891 14.494949717 -12.110156676 1.343166861 0.508094874 -0.483870787 0.521342531 -0.485706316
1548882976.493577003 14.812510687 -12.105241133 1.325236246 0.526432296 -0.495717523 0.507728893 -0.468342338
1548882977.693735838 15.137804837 -12.090039011 1.311478729 0.522458452 -0.483296108 0.520145580 -0.472134104
1548882978.893893957 15.456466021 -12.117953569 1.304554375 0.509995352 -0.481787483 0.514288013 -0.493247810
1548882980.194064856 15.772472178 -12.119795016 1.305206115 -0.499972095 0.474319426 -0.518740996 0.505921700
1548882981.360884905 16.084421288 -12.125012636 1.310498358 -0.498741740 0.475669509 -0.512619444 0.512070797
1548882982.528813124 16.385534317 -12.116345482 1.320460194 -0.498480993 0.469380212 -0.511776599 0.518925456
1548882983.662771940 16.695761746 -12.104957297 1.327175938 -0.502372483 0.470426767 -0.505081081 0.520781765
1548882984.696672916 16.995471111 -12.091154283 1.325189090 -0.513359867 0.477145616 -0.491338983 0.517087722
1548882985.697196007 17.295875608 -12.072453989 1.316243876 -0.522602280 0.489092264 -0.483604420 0.503788031
1548882986.463962793 17.513421155 -12.059435320 1.304948444 0.525865286 -0.492151037 0.481471394 -0.499438039
1548882987.363640070 17.732331228 -12.055767478 1.300984003 -0.517206391 0.489811314 -0.486130583 0.506220784
1548882988.530022860 17.979877757 -12.044062428 1.296303529 -0.503824405 0.472806331 -0.499377278 0.522721222
1548882989.596829891 18.225113994 -12.027451531 1.309053388 -0.491565914 0.458533902 -0.508523809 0.538064261
1548882990.763651133 18.510804580 -12.028967701 1.332476765 -0.484680262 0.462127691 -0.503323412 0.546066465
1548882991.261877060 18.712253771 -12.010878891 1.323670526 -0.508324156 0.478490031 -0.485995304 0.525796927
1548882992.528035164 19.018716613 -12.021659844 1.339153646 -0.491667982 0.491970881 -0.487373831 0.527914763
1548882993.994894743 19.332700120 -11.958275970 1.326490658 -0.490694825 0.474091242 -0.524222458 0.509555588
1548882995.128377914 19.667874789 -11.945953761 1.320467013 0.509390631 -0.486551136 0.514949721 -0.488483329
1548882996.395210981 19.975486874 -11.925226710 1.317975388 0.513634621 -0.477262458 0.521673197 -0.486062853
1548882997.594624043 20.285275009 -11.955523244 1.302769429 0.507444795 -0.489808391 0.510085483 -0.492341669
1548882998.761444807 20.615638078 -11.985859757 1.280889000 0.510158162 -0.509666198 0.488406289 -0.491363728
1548883000.425462961 20.939823584 -11.975049075 1.279720778 -0.506824304 0.470602051 -0.479248812 0.540354893
1548883001.589756012 21.193503325 -11.897744356 1.269834986 -0.533837274 0.452791791 -0.468517485 0.538970059
1548883002.988554955 21.499135345 -11.847654492 1.269265632 -0.531053383 0.457145859 -0.476015293 0.531422063
1548883004.390125036 21.819859135 -11.821448182 1.261922463 -0.530166612 0.465068782 -0.466566840 0.533806871
1548883005.791566133 22.147610918 -11.795044194 1.248863678 -0.532863130 0.476496855 -0.454019344 0.531859067
1548883007.259562016 22.463620732 -11.746482425 1.233347088 -0.534380379 0.475726705 -0.453218169 0.531709511
