1548881152.985343695 0.000000000 0.000000000 1.000000000 -0.707106781 0.000000000 0.000000000 0.707106781
1548881155.985739708 0.006077810 -0.312453124 1.008612764 -0.708002783 -0.011534680 0.015110193 0.705953747
1548881157.119221687 0.034807784 -0.647616821 1.019372359 -0.709538189 0.016194431 -0.014599203 0.704329584
1548881157.752638817 -0.019992316 -0.932914218 1.024175006 -0.686340475 0.017667176 -0.049922979 0.725349791
1548881158.354068756 -0.053895684 -1.209774035 1.012555969 -0.659011827 0.029449762 -0.065243574 0.748718505
1548881159.420233727 -0.102764664 -1.530759698 0.992299819 -0.663434525 -0.018333072 -0.027313923 0.747510856
1548881160.819709778 -0.125289465 -1.838398078 0.978628332 -0.712933796 -0.040219405 -0.018718047 0.699826719
1548881161.953191757 -0.116951644 -2.159125909 0.995450182 -0.725382789 -0.040110275 -0.017746519 0.686946895
1548881162.953323841 -0.101643559 -2.488722424 1.016754515 -0.718696622 -0.039964970 -0.012906978 0.694054304
1548881163.920117855 -0.094994259 -2.792097793 1.037733314 -0.718361730 -0.033667884 -0.021536192 0.694520763
1548881164.953587770 -0.081839133 -3.126810737 1.054364787 -0.720122806 -0.022544689 -0.026874335 0.692959344
1548881165.621692657 -0.084417075 -3.315726376 1.067919854 -0.725194442 -0.010704755 -0.040680052 0.687258004
1548881166.421798706 -0.085663610 -3.536215800 1.087234811 -0.734118859 -0.006318543 -0.039281336 0.677854375
1548881167.055214643 -0.090974282 -3.748548352 1.107821747 -0.726599043 -0.004337762 -0.036669299 0.686068784
1548881167.822563648 -0.100298867 -3.991172622 1.125596812 -0.724428733 -0.013529275 -0.026298843 0.688714993
1548881168.589331627 -0.104641576 -4.238054425 1.131815144 -0.715739009 -0.009011224 -0.024756014 0.697870768
1548881169.222747564 -0.104203204 -4.459354774 1.140376915 -0.704344139 0.002758796 -0.031266587 0.709164384
1548881170.022853613 -0.114220216 -4.720783259 1.149578061 -0.699632761 0.003287314 -0.030731632 0.713833847
1548881171.022985697 -0.136344923 -4.990229495 1.159270456 -0.716764426 0.007777255 -0.040592097 0.696089472
1548881172.089792728 -0.163954284 -5.295239953 1.170487859 -0.723650942 0.010417998 -0.045540856 0.688583190
1548881172.989910841 -0.193131927 -5.596703254 1.186125972 -0.708719050 0.011213577 -0.044144198 0.704019072
1548881173.922786713 -0.228617863 -5.919795003 1.192137384 -0.700972348 0.010949577 -0.048423271 0.711458405
1548881174.956255674 -0.259978155 -6.261332684 1.195536156 -0.703186960 0.020889061 -0.053133604 0.708709084
1548881175.989083767 -0.279865133 -6.584816009 1.200567445 -0.709519105 0.035638648 -0.058822586 0.701321916
1548881176.889201641 -0.310227881 -6.893018571 1.210683726 -0.711813017 0.043459903 -0.058486141 0.698579156
1548881177.722644806 -0.341740897 -7.208409591 1.216480681 -0.696129348 0.042329872 -0.052795709 0.714720033
1548881178.589425564 -0.389390254 -7.459646034 1.215826158 -0.692236469 0.044038239 -0.056369101 0.718116863
1548881179.588848591 -0.421434938 -7.795864135 1.217039921 -0.696801768 0.042444591 -0.049671057 0.714281834
1548881180.688210726 -0.454068421 -8.144110453 1.219604168 -0.709817097 0.041667753 -0.046726155 0.701598285
1548881181.587463617 -0.492146697 -8.458679077 1.228492989 -0.708073496 0.038846523 -0.044897962 0.703638433
1548881185.621328592 -0.524193102 -8.772091550 1.241881213 -0.703252206 0.034084669 -0.041528316 0.708907589
1548881186.887207747 -0.549859398 -9.075079326 1.245014986 -0.707778921 0.026027573 -0.038394554 0.704909514
1548881188.054027796 -0.588288842 -9.381386172 1.251047460 -0.703255009 0.024743729 -0.049950486 0.708748961
1548881189.319806814 -0.622711369 -9.701024337 1.258382288 -0.703695314 0.028857094 -0.058680511 0.707486234
1548881190.585473776 -0.675546997 -10.034488034 1.270886600 -0.704193710 0.039741734 -0.073358547 0.705088886
1548881191.717669725 -0.733001340 -10.344007734 1.278743002 -0.709964403 0.032966958 -0.075658661 0.699385082
1548881192.784476757 -0.774416328 -10.642566313 1.285561377 -0.712915891 0.034525090 -0.071683805 0.696721166
1548881193.951296806 -0.824338286 -10.967904198 1.300222513 -0.715818422 0.039384863 -0.074909172 0.693138828
1548881194.984766722 -0.896598168 -11.280274098 1.317848866 -0.706039429 0.028109513 -0.082640888 0.702772127
1548881196.018235683 -0.958322035 -11.593835729 1.320567110 -0.697772978 0.022100283 -0.089204866 0.710399141
1548881197.051705599 -1.005092150 -11.913449591 1.318154160 -0.687759726 0.023239896 -0.089173533 0.720065655
1548881198.085174799 -1.062805579 -12.203013535 1.316150092 -0.692699161 0.027271419 -0.100865955 0.713617686
1548881199.253282785 -1.125364398 -12.527953769 1.312530777 -0.702762813 0.033214640 -0.106484193 0.702625314
1548881200.387930632 -1.191728442 -12.841528116 1.322469759 -0.708503996 0.036636608 -0.111023042 0.695955264
1548881201.455793619 -1.248836626 -13.154003745 1.329085930 -0.710016097 0.044267353 -0.108311306 0.694396288
1548881202.489262581 -1.333973184 -13.472945809 1.340495713 -0.704374228 0.040390629 -0.115336855 0.699230258
1548881203.422718763 -1.396021317 -13.784898007 1.338466799 -0.695452514 0.000297634 -0.069170205 0.715235062
1548881204.322837830 -1.426285939 -14.124771344 1.334385486 -0.678028936 -0.006781656 -0.062598047 0.732333432
1548881205.356306791 -1.453298751 -14.454590912 1.321924689 -0.685731359 -0.003148411 -0.061870917 0.725213472
1548881206.323100567 -1.467602345 -14.779192286 1.311888876 -0.686902888 0.012267500 -0.062449993 0.723957132
1548881207.356570721 -1.498461746 -15.113118883 1.307839757 -0.690548444 0.026049468 -0.068572278 0.719556887
1548881208.256688595 -1.536598645 -15.413326292 1.300066252 -0.693731971 0.026776958 -0.061408722 0.717110811
1548881209.191100597 -1.581252699 -15.722308062 1.298798198 -0.696386406 -0.003077922 -0.040120801 0.716538081
1548881210.157894611 -1.602843227 -16.025661821 1.300900351 -0.702476712 -0.012352026 -0.035466994 0.710715125
1548881211.058012724 -1.620261795 -16.332549511 1.305270960 -0.712545967 -0.003766578 -0.049751967 0.699849126
1548881211.958131790 -1.631850015 -16.668127234 1.319761737 -0.707955612 0.014038803 -0.052228852 0.704183151
1548881212.758236647 -1.643449569 -16.984003134 1.335232858 -0.697380189 0.024727847 -0.046305325 0.714776345
1548881213.657400846 -1.679599311 -17.298617390 1.335006775 -0.702899160 0.023183207 -0.046271090 0.709404184
1548881214.424168587 -1.709667431 -17.600314278 1.338943248 -0.693680755 0.025797570 -0.050066441 0.718077188
1548881215.357624769 -1.740025352 -17.942594354 1.336817117 -0.695773831 0.030816003 -0.048590480 0.715952593
1548881216.223350763 -1.792150312 -18.260532050 1.334499773 -0.697696874 0.033214545 -0.062246507 0.712910400
1548881216.990117550 -1.843841437 -18.560407882 1.335960805 -0.690566217 0.033707940 -0.073122712 0.718773361
1548881217.823561668 -1.894085030 -18.885832038 1.328765212 -0.683026540 0.041852330 -0.085175050 0.724201863
1548881218.723679781 -1.954427980 -19.204523039 1.318198159 -0.688770559 0.047329115 -0.089964092 0.717817201
1548881219.523784637 -2.005301269 -19.504841729 1.316414967 -0.690562547 0.042200992 -0.072170215 0.718424599
1548881220.457241535 -2.059910675 -19.835945967 1.313840744 -0.699863464 0.024782831 -0.057747537 0.711506968
1548881221.258401871 -2.098289076 -20.143743424 1.318349634 -0.696523075 0.023221397 -0.059590753 0.714678469
1548881222.158520937 -2.132650808 -20.459148512 1.322579650 -0.704615773 0.019323527 -0.056512182 0.707071133
1548881223.058638573 -2.170673175 -20.784309193 1.332295163 -0.709928579 0.015443859 -0.052909573 0.702113579
1548881223.958757639 -2.189362394 -21.133400372 1.343082110 -0.704740383 0.022482105 -0.046419207 0.707588019
1548881224.758862495 -2.216371299 -21.439146416 1.346712692 -0.701439545 0.026485920 -0.049767422 0.710495788
1548881225.558968782 -2.266992589 -21.758804219 1.352891105 -0.692608787 0.014824637 -0.057693970 0.718849569
1548881226.359073877 -2.297343733 -22.071907808 1.346740469 -0.688951964 0.014530119 -0.056241226 0.722475599
1548881227.225854635 -2.348121618 -22.407395516 1.331838795 -0.683897763 0.005635024 -0.061331076 0.726973587
1548881228.092635632 -2.393548979 -22.727267718 1.326553499 -0.685910750 -0.000594463 -0.067463799 0.724551396
1548881228.891685724 -2.412440927 -23.027629566 1.314220915 -0.687630318 -0.001346360 -0.061622675 0.723439962
1548881229.791804790 -2.439926107 -23.369746394 1.306329554 -0.685579949 0.002827766 -0.064984665 0.725085602
1548881230.725260735 -2.466081355 -23.687262548 1.301011075 -0.697230501 0.012212615 -0.066574658 0.713644376
1548881231.492028713 -2.477244499 -23.993484695 1.299156321 -0.688752483 0.025550662 -0.061543419 0.721927689
1548881232.292133570 -2.497285158 -24.302242905 1.297182076 -0.682055939 0.036056597 -0.058683673 0.728049342
1548881233.093294621 -2.536849042 -24.575505176 1.283528987 -0.691514327 0.042150197 -0.065221007 0.718176522
1548881233.993412495 -2.587647947 -24.912742083 1.276769215 -0.688333990 0.046106339 -0.068368983 0.720691477
1548881234.960206509 -2.645126101 -25.254718926 1.272355621 -0.694504152 0.051716297 -0.074997092 0.713698006
1548881235.925945520 -2.695733116 -25.616888291 1.269008515 -0.696342427 0.019749783 -0.039309668 0.716360189
1548881236.859402657 -2.719501593 -25.963940038 1.270736349 -0.696719827 0.018798883 -0.036843432 0.716149877
1548881237.659507751 -2.738136897 -26.266892838 1.267843461 -0.695434064 0.022334639 -0.039804490 0.717138919
1548881238.592963696 -2.771958127 -26.602719095 1.268531871 -0.702698608 0.019243391 -0.043109815 0.709919645
1548881239.526420832 -2.802057547 -26.945901814 1.273904783 -0.706140655 0.018587540 -0.042214500 0.706567629
1548881240.326525688 -2.829977150 -27.252005181 1.283667973 -0.708333959 -0.024151524 0.002917022 0.705458147
1548881241.126630545 -2.804956462 -27.550698060 1.292852394 -0.708727923 -0.056711707 0.039048176 0.702113775
1548881241.926736593 -2.767023520 -27.864041263 1.303150849 -0.701007613 -0.068440051 0.041849654 0.708627471
1548881242.759013653 -2.719350088 -28.176390232 1.307701647 -0.699144139 -0.071578941 0.043429013 0.710061863
1548881243.592456818 -2.673961114 -28.487523010 1.313396375 -0.695841620 -0.079240343 0.042557547 0.712540710
1548881244.491288662 -2.626161193 -28.830721219 1.311735779 -0.689929148 -0.088397446 0.038152637 0.717445495
1548881245.323310614 -2.579384050 -29.155180272 1.313701715 -0.686667281 -0.094380748 0.038062461 0.719813565
1548881246.256766796 -2.506332686 -29.482359106 1.310811211 -0.694909721 -0.094497052 0.042003661 0.711622428
1548881247.055797815 -2.441727309 -29.775295707 1.316625675 -0.694901736 -0.092796098 0.046298452 0.711587601
1548881248.255955696 -2.376408758 -30.083470730 1.316494760 -0.698134022 -0.091646734 0.044661847 0.708671350
1548881253.562657833 -2.327788852 -30.191627154 1.319366553 -0.698366543 -0.000956352 -0.048156546 0.714117781
1548881256.668311834 -2.334394355 -30.322406656 1.320030443 -0.682971034 0.092973340 -0.145338494 0.709776899
1548881258.670246601 -2.338138294 -30.402629700 1.321423031 -0.658045721 0.181797643 -0.240585107 0.689959602
1548881260.738255501 -2.329582635 -30.434940503 1.321239142 -0.621207524 0.270646806 -0.323848514 0.660283014
1548881262.638704538 -2.319708796 -30.491257816 1.321796162 -0.573871259 0.354515981 -0.402025032 0.619165625
1548881264.638967752 -2.295365568 -30.543813031 1.320815080 -0.515047610 0.434888263 -0.479049538 0.562236337
1548881266.739425898 -2.272774369 -30.557256784 1.324892952 -0.446509866 0.501366705 -0.546602584 0.500485745
1548881268.739309788 -2.262651319 -30.600152910 1.325000425 0.371205501 -0.562815994 0.601516923 -0.428511405
1548881270.872190714 -2.246439247 -30.654840057 1.327485599 0.287512638 -0.615266577 0.649281792 -0.342369211
1548881272.570865631 -2.230573834 -30.752955657 1.325837031 0.204138098 -0.654509747 0.682056774 -0.254446822
1548881275.768809795 -2.123856169 -30.936566837 1.330798311 0.164286160 -0.667882701 0.694978303 -0.209637576
1548881278.832268715 -2.049218218 -31.105906780 1.338137585 0.128927064 -0.674868666 0.706063966 -0.171475280
1548881283.729097843 -1.994650690 -31.284437063 1.339739690 0.113918024 -0.678558375 0.707757365 -0.160189661
1548881296.330757618 -1.970245168 -31.428701956 1.340574352 0.068462044 -0.687922889 0.714159989 -0.109775029
1548881300.564648628 -1.918220340 -31.733688465 1.345732034 0.043578045 -0.693504297 0.713619155 -0.088884457
1548881308.665715694 -1.858628389 -32.034473483 1.349635106 0.044953008 -0.691895954 0.714850573 -0.090817808
1548881310.567318678 -1.803904456 -32.348269996 1.349952479 0.034682726 -0.697298465 0.712014675 -0.074880314
1548881312.203200817 -1.782612225 -32.661635160 1.349208026 -0.000460219 -0.698515703 0.714409675 -0.041163287
1548881313.505392551 -1.779316202 -32.977979077 1.348805793 -0.013136420 -0.692001921 0.721072562 -0.031861212
1548881314.572199583 -1.764813175 -33.303510445 1.341410161 0.023236630 -0.696207366 0.712345217 -0.085554983
1548881315.504758835 -1.678703933 -33.602231831 1.346620767 0.067871055 -0.694623476 0.704336019 -0.129624528
1548881316.403884888 -1.575596239 -33.909111882 1.350287479 0.075039088 -0.684043382 0.713049276 -0.134218169
1548881317.203990698 -1.462205459 -34.207746991 1.356577872 0.085350892 -0.690179429 0.707313645 -0.126787175
1548881318.104108810 -1.353096937 -34.523506118 1.355633390 0.090321114 -0.688724773 0.708666452 -0.123661407
1548881319.036470890 -1.269234854 -34.853351043 1.364071451 0.065417023 -0.687077394 0.716367260 -0.102289866
1548881319.936588764 -1.201116582 -35.167320327 1.370404012 0.055467330 -0.679906982 0.724534944 -0.098483431
1548881320.970058680 -1.131813541 -35.541887933 1.386242070 0.046736664 -0.681612436 0.724981676 -0.087302581
1548881321.736825705 -1.074716220 -35.841780509 1.389905458 0.039330320 -0.688236257 0.720891223 -0.071413060
1548881322.536931515 -1.042001374 -36.166743008 1.393709885 0.021184015 -0.701482635 0.710163164 -0.056050254
1548881323.438144684 -0.996315059 -36.484830014 1.393300111 0.019463299 -0.693687493 0.717625842 -0.058583218
1548881324.372593641 -0.949254621 -36.823697729 1.398910266 0.040972156 -0.689308816 0.717979805 -0.087633545
1548881325.171575785 -0.843448935 -37.122721832 1.396062510 0.085138166 -0.691835559 0.707847905 -0.114308338
1548881326.069035769 -0.750720830 -37.431638901 1.399882468 0.088596293 -0.684536316 0.713341200 -0.121264429
1548881326.835802555 -0.655501351 -37.724955749 1.400935541 0.089463503 -0.689305604 0.709148833 -0.118160903
1548881327.635908604 -0.581700464 -38.014495708 1.401086508 0.088567096 -0.692918495 0.704403522 -0.125839213
1548881328.401289701 -0.481427530 -38.297750115 1.396822992 0.093526325 -0.697498244 0.700238338 -0.120063719
1548881329.334746599 -0.379484904 -38.601425470 1.400463010 0.095170230 -0.686396334 0.711050625 -0.119204481
1548881330.234864712 -0.257971395 -38.915032341 1.402274597 0.124395549 -0.679814977 0.706143849 -0.154072088
1548881331.033527851 -0.134357788 -39.190826848 1.402870120 0.133808075 -0.678844208 0.702135879 -0.168140260
1548881331.933645725 0.013057761 -39.495354246 1.409303388 0.146571843 -0.674906517 0.699900675 -0.182090454
1548881332.700413704 0.159699466 -39.765116912 1.410564788 0.161992527 -0.678287269 0.688304963 -0.199802602
1548881333.500518560 0.320437397 -40.020896926 1.416254554 0.172301099 -0.672318424 0.689447813 -0.207272722
1548881334.300624609 0.468443698 -40.285323778 1.416669627 0.169009738 -0.672661084 0.687683145 -0.214603510
1548881335.234080791 0.636959447 -40.578839472 1.418884589 0.170474735 -0.668879047 0.692718289 -0.208998938
1548881336.167536736 0.805712547 -40.877675213 1.429098221 0.160279586 -0.666971994 0.697042325 -0.208784125
1548881337.067655563 0.957857273 -41.158055895 1.445953578 0.152409230 -0.660778519 0.703995453 -0.211029802
1548881337.967773676 1.117896442 -41.469282910 1.454876564 0.146017027 -0.668715221 0.696382088 -0.215756734
1548881338.801217794 1.265037907 -41.735738200 1.472076049 0.145697206 -0.665362602 0.698493401 -0.219480980
1548881339.701335907 1.415558950 -42.013083611 1.490118743 0.134695142 -0.658413574 0.707394699 -0.218955530
1548881340.502884626 1.562741157 -42.280989485 1.510391762 0.137521827 -0.659252981 0.705556870 -0.220596369
1548881341.304539680 1.715198778 -42.550438918 1.528093723 0.143234077 -0.660724609 0.701988341 -0.223918196
1548881342.106031656 1.901379215 -42.812096152 1.538295943 0.162638320 -0.665768138 0.694947412 -0.217599763
1548881342.907245874 2.048041181 -43.070873744 1.551671242 0.163458152 -0.663679496 0.693431638 -0.227955090
1548881343.674012661 2.212654807 -43.315364042 1.561644717 0.172174633 -0.664704762 0.690832201 -0.226438392
1548881344.507456779 2.368605279 -43.565643545 1.579325412 0.171665092 -0.670499349 0.684923013 -0.227688791
1548881345.407574892 2.536997303 -43.844199865 1.588728064 0.167750641 -0.665183996 0.689539905 -0.232216909
1548881346.174342632 2.659659487 -44.110422680 1.585965159 0.150057766 -0.671319567 0.680675903 -0.251978216
1548881347.007785797 2.821717987 -44.390990090 1.581316140 -0.142843780 0.676252357 -0.674811620 0.258665193
1548881347.941241503 2.994808809 -44.672766718 1.590579590 0.144617447 -0.665579488 0.677734848 -0.277065363
1548881348.709132910 3.195394283 -44.924807091 1.593114105 -0.162560709 0.678135732 -0.664709552 0.268080503
1548881349.609250784 3.385334734 -45.173417009 1.598157468 0.165944885 -0.666886254 0.676015236 -0.265948152
1548881350.542707682 3.600635095 -45.444803706 1.603709815 0.163590341 -0.670115679 0.683468584 -0.238859522
1548881351.475171566 3.791640715 -45.717775908 1.604993147 0.160708644 -0.666367215 0.694742277 -0.217854620
1548881352.341952801 3.955688339 -46.003241121 1.613438522 0.161535808 -0.670693036 0.688705947 -0.223072078
1548881353.108720541 4.129271718 -46.259509184 1.614224582 -0.171607905 0.682287345 -0.679148256 0.209266223
1548881353.908825636 4.274530806 -46.528299382 1.603083269 0.162000887 -0.678386799 0.682379065 -0.218874107
1548881354.842281818 4.423041336 -46.796289151 1.611493720 0.148435344 -0.664476502 0.698327192 -0.220855291
1548881355.642387629 4.591858861 -47.052002553 1.617244142 0.145838809 -0.673886049 0.697729422 -0.194376669
1548881356.543497801 4.759856790 -47.349048280 1.627193030 0.146845491 -0.674521467 0.699613533 -0.184385725
