1548883273.496920586 0.000000000 0.000000000 1.000000000 -0.707106781 0.000000000 0.000000000 0.707106781
1548883277.097395658 -0.021342152 -0.309459411 1.012069715 -0.713607265 -0.030132844 0.019665436 0.699621293
1548883278.762391806 0.008157257 -0.616075769 1.026110516 -0.715527476 -0.029806503 0.024982197 0.697501178
1548883280.259963751 0.023666203 -0.933132609 1.044895704 -0.712587247 -0.038121678 0.023661061 0.700147347
1548883281.657265663 0.058445186 -1.234143332 1.056849690 -0.712419357 -0.028708234 0.025014395 0.700720184
1548883283.057450771 0.073551532 -1.543687542 1.073177554 -0.715855722 -0.036729740 0.020718648 0.696973636
1548883284.457634926 0.105657273 -1.859288925 1.091353752 -0.720080300 -0.057015603 0.045818807 0.690024796
1548883285.857818604 0.139352662 -2.181869979 1.116723473 -0.720513916 -0.072010233 0.049555448 0.687908773
1548883287.157990694 0.181663413 -2.478786496 1.141018386 -0.721880783 -0.081555909 0.051648073 0.685251228
1548883288.324810743 0.256894982 -2.791053338 1.166506234 -0.716131581 -0.059656547 0.043968093 0.694019785
1548883289.293117762 0.327611086 -3.099231871 1.190862921 -0.707259279 -0.047259322 0.053464307 0.703343754
1548883290.326587677 0.357521974 -3.409876815 1.202007001 -0.709535091 -0.049047057 0.041970647 0.701707066
1548883291.460069656 0.418019323 -3.727711429 1.221113180 -0.724200532 -0.058455948 0.063254993 0.684189518
1548883292.626890659 0.464283868 -4.032290237 1.251939095 -0.721288462 -0.083312634 0.078917259 0.683062242
1548883293.760372639 0.547358469 -4.330059127 1.265499991 -0.709620861 -0.080226071 0.087683595 0.694488012
1548883294.893855810 0.612192036 -4.647088056 1.283388194 -0.692631470 -0.084034471 0.084755956 0.711348214
1548883296.262071848 0.705607230 -4.939029321 1.294588098 -0.720419708 -0.074450226 0.090560309 0.683557927
1548883297.395553827 0.769553452 -5.252163221 1.313041874 -0.715163834 -0.077389014 0.090095578 0.688791999
1548883298.462360620 0.841597254 -5.552399690 1.335048433 -0.707498468 -0.075147706 0.087583478 0.697228710
1548883299.629181623 0.939753884 -5.838494720 1.351662062 -0.714651982 -0.067280656 0.101577485 0.688787248
1548883300.762664795 1.024972929 -6.132761586 1.370039747 -0.720807974 -0.062828014 0.104514353 0.682323424
1548883301.930724621 1.091636553 -6.438680673 1.395782508 -0.723480318 -0.066329076 0.101319458 0.679640384
1548883302.964193821 1.160023994 -6.744838511 1.415964984 -0.711155949 -0.075719694 0.107186378 0.690677077
1548883304.064338684 1.228278362 -7.041768602 1.438152170 -0.709867640 -0.089165557 0.109246753 0.690074332
1548883305.164483547 1.306251062 -7.333965069 1.451560010 -0.706562852 -0.094306378 0.108038097 0.692966819
1548883306.331304789 1.380637101 -7.636928410 1.464896837 -0.693557900 -0.099123822 0.101875049 0.706238898
1548883307.731488705 1.470523403 -7.933772243 1.471123529 -0.704397335 -0.101765530 0.102317990 0.694981439
1548883309.398374557 1.546941724 -8.241902286 1.493524492 -0.715736760 -0.110151023 0.096668605 0.682819759
1548883310.798559666 1.603173299 -8.559936412 1.517674309 -0.698235197 -0.127601463 0.083918080 0.699387755
1548883312.330854654 1.716955394 -8.841951351 1.532423043 -0.707170113 -0.117200480 0.093037195 0.691027177
1548883313.896358728 1.825062613 -9.146306146 1.546718896 -0.706815666 -0.124141549 0.110097045 0.687662076
1548883315.296543837 1.912309382 -9.462979958 1.566252776 -0.689566500 -0.135991711 0.108262880 0.703052947
1548883316.828565836 2.031658436 -9.748053402 1.572503883 -0.694795987 -0.137393038 0.123124884 0.695141678
1548883318.261976480 2.130218204 -10.034239061 1.574224115 -0.689884418 -0.148884994 0.127485522 0.696878892
1548883319.662161589 2.250095504 -10.310315052 1.583097128 -0.684644674 -0.150248629 0.136990324 0.699943334
1548883321.162358761 2.367013491 -10.613409040 1.581011613 -0.676277297 -0.165320561 0.144492615 0.703164287
1548883322.829244614 2.505542553 -10.905046521 1.582657461 -0.675103711 -0.164998963 0.147606146 0.703720646
1548883324.362780571 2.667723736 -11.163433051 1.588296030 -0.672084022 -0.147702478 0.164238888 0.706762077
1548883325.996328592 2.777005467 -11.442175450 1.577401596 -0.677986807 -0.151111393 0.149578838 0.703651482
1548883327.763228655 2.914264615 -11.718941351 1.580134773 -0.674275593 -0.145320639 0.156285711 0.706971791
1548883333.132581711 3.057215977 -11.870138066 1.573555567 -0.696654393 -0.053394709 0.057390056 0.713111522
1548883335.571974754 3.093658966 -11.974438807 1.574028887 -0.699356202 0.032195942 -0.040008759 0.712926099
1548883336.675208807 3.166831698 -12.003010705 1.573625728 -0.690175566 0.129419351 -0.131779526 0.699673121
1548883337.943049669 3.224254011 -12.051340609 1.575267716 -0.667774757 0.220383929 -0.218532420 0.676573262
1548883339.976650715 3.292099986 -12.075772888 1.579735397 -0.629335982 0.302190380 -0.312640772 0.644106314
1548883342.543655634 3.460256725 -12.070665245 1.573577851 -0.587573478 0.388805442 -0.388104155 0.594106809
1548883344.608178616 3.587796711 -12.105368676 1.571964809 -0.531056945 0.466509998 -0.464919795 0.533100860
1548883347.899214506 3.721518876 -12.189199981 1.575975754 0.460195285 -0.527677724 0.537299285 -0.470197829
1548883352.699846745 3.999501883 -12.306515498 1.574203043 0.413825539 -0.563810807 0.573483179 -0.426594469
1548883357.533816814 4.285221691 -12.415670190 1.582993582 0.391911150 -0.561249764 0.589169828 -0.429282270
1548883362.434462786 4.530849945 -12.487736683 1.592323317 0.404729654 -0.549769688 0.584837529 -0.438077918
1548883364.334712744 4.780185265 -12.559901596 1.615020608 0.402631476 -0.541392456 0.589494134 -0.444160747
1548883366.402725697 5.084615302 -12.611507141 1.630816670 0.429431519 -0.506903091 0.582785841 -0.467972746
1548883368.304396868 5.413221962 -12.633848204 1.645287654 0.448919487 -0.499231261 0.585501120 -0.454343352
1548883369.704581738 5.726417131 -12.662913788 1.655492999 0.459129533 -0.496640134 0.590548978 -0.440227843
1548883370.971414804 6.048334306 -12.727881302 1.660917474 0.466803363 -0.511148450 0.577884480 -0.432286260
1548883372.139522791 6.349350764 -12.791505731 1.664929702 0.470053078 -0.518380452 0.569008581 -0.431927129
1548883373.306342602 6.670523472 -12.830162190 1.662695236 0.484332061 -0.506425643 0.564259263 -0.436539812
1548883374.340978622 6.981710674 -12.855814107 1.653609398 0.506246492 -0.497924361 0.542016086 -0.449448976
1548883375.608866930 7.294052114 -12.865347072 1.660669624 0.501075573 -0.470343346 0.553710591 -0.470218022
1548883376.942375660 7.623608908 -12.919157665 1.676100609 0.478898249 -0.465864028 0.551264400 -0.499734666
1548883378.109196901 7.939550376 -12.939561521 1.703088691 -0.469571829 0.460992173 -0.552873899 0.511193667
1548883379.042652607 8.248495087 -12.965180310 1.723993305 -0.479799086 0.471454694 -0.536948799 0.509126011
1548883380.076121569 8.561302301 -12.993958913 1.742021777 -0.480624363 0.473382913 -0.522410530 0.521532432
1548883381.209604502 8.873421524 -12.982536484 1.765172119 -0.481815951 0.462175347 -0.529514599 0.523317903
1548883382.343087673 9.185461468 -12.957885152 1.795194702 -0.497211226 0.439285672 -0.514674817 0.543064387
1548883383.444187641 9.515675209 -12.912182599 1.814141860 -0.506492687 0.438026860 -0.517466008 0.532753750
1548883384.577669621 9.825764232 -12.856397068 1.834866960 -0.509878807 0.423274282 -0.529984633 0.529130205
1548883385.576720715 10.129545824 -12.876888032 1.856888497 -0.502219736 0.439575396 -0.511124061 0.541572712
1548883386.643527746 10.429075500 -12.845115733 1.874199260 -0.498645656 0.436352556 -0.515665895 0.543173676
1548883387.676997662 10.750809940 -12.799050373 1.896483512 -0.503914804 0.443671620 -0.525774083 0.522290127
1548883388.743804693 11.078232302 -12.787568708 1.920707350 -0.494101010 0.446225621 -0.535950477 0.519137721
1548883389.642853737 11.422286792 -12.775912076 1.940969017 -0.504425761 0.454229144 -0.526682886 0.511698812
1548883390.441779613 11.746711770 -12.759911851 1.954287657 -0.510558376 0.461166225 -0.525449233 0.500558649
1548883391.341897726 12.086553288 -12.757295428 1.960202961 -0.507579202 0.462253432 -0.523904737 0.504191377
1548883392.242016792 12.427663762 -12.745096141 1.973886354 -0.514141243 0.455827868 -0.515452043 0.512043874
1548883393.177721500 12.773253548 -12.727358055 1.981808587 -0.512364843 0.450627485 -0.512718718 0.521091790
1548883394.078807831 13.092481046 -12.731665943 1.995668104 0.483152930 -0.478379168 0.539570470 -0.496568550
1548883394.978925705 13.370239378 -12.731472583 2.016013426 -0.486578645 0.458491203 -0.539401850 0.511930351
1548883395.779031754 13.657107415 -12.705224064 2.019023028 -0.502846214 0.458060351 -0.532986437 0.503241351
1548883396.811533928 13.992205321 -12.709793701 2.037381146 0.491194041 -0.469315769 0.549192500 -0.486681334
1548883397.611639738 14.306657884 -12.701008483 2.042336889 0.512790641 -0.462494295 0.536243787 -0.485373450
1548883398.345069885 14.620872920 -12.703439093 2.038705623 0.527271949 -0.471015857 0.517391593 -0.482114399
1548883399.111836672 14.911620272 -12.676190199 2.031919692 0.532219207 -0.465024582 0.522298188 -0.477178642
1548883399.978617668 15.231864207 -12.690908036 2.022149110 0.521906150 -0.467830810 0.518139313 -0.490183594
1548883400.912073612 15.544019304 -12.682502087 2.030215962 -0.508470328 0.456311574 -0.529709165 0.502638909
1548883401.778854609 15.867816103 -12.696056455 2.037807176 -0.500654940 0.462085767 -0.522587399 0.512565884
1548883402.713392735 16.196949572 -12.698187033 2.057175793 -0.492523268 0.467463163 -0.527733605 0.510290372
1548883403.747726679 16.542784472 -12.717078351 2.074079641 0.475151103 -0.483724881 0.545430046 -0.492694362
1548883404.648628712 16.859861895 -12.722833710 2.084511238 0.494249751 -0.480448401 0.525698333 -0.498525606
1548883405.415395498 17.133957416 -12.724689231 2.086174274 0.503033380 -0.487491388 0.519795517 -0.489001213
1548883406.215501785 17.433979506 -12.729453627 2.077414150 0.507243131 -0.500769398 0.515813615 -0.475258594
1548883407.248187542 17.740205817 -12.742382340 2.078296812 0.499458239 -0.486597443 0.520182676 -0.493127143
1548883408.314994574 18.042547207 -12.737365393 2.087445938 -0.486903593 0.466923427 -0.536156061 0.507389478
1548883409.246505737 18.333435938 -12.739795960 2.108997290 -0.481473627 0.461217216 -0.541479817 0.512114669
1548883410.045541525 18.622268306 -12.740524926 2.125135300 0.498697239 -0.473612510 0.528066712 -0.498134321
1548883411.079011679 18.946647827 -12.741854533 2.146483622 0.495802558 -0.476249514 0.531579006 -0.494762552
1548883412.244651794 19.281792236 -12.726828328 2.144922423 0.490781479 -0.470319996 0.556968443 -0.477198904
1548883413.278120756 19.590291688 -12.719257858 2.154017702 0.512240863 -0.458064522 0.549858098 -0.474807608
1548883414.178239822 19.903982882 -12.744454931 2.147858323 -0.530317158 0.464154574 -0.501187385 0.502130907
1548883415.245046854 20.223557969 -12.750086346 2.139126443 -0.528901949 0.473041664 -0.485835007 0.510351505
1548883416.443901777 20.542974937 -12.728788069 2.124977496 -0.529323832 0.472586900 -0.481515749 0.514412759
1548883421.008845806 20.858730765 -12.711067093 2.128138301 -0.506618277 0.458665150 -0.498304573 0.533532337
1548883422.542380810 21.164999045 -12.625562273 2.119295134 -0.542943750 0.437927269 -0.471922125 0.539185775
1548883424.009240627 21.482543903 -12.576800443 2.125080009 -0.523794847 0.454156050 -0.498603283 0.520361420
1548883425.309411526 21.783772425 -12.576284162 2.119113926 -0.525579364 0.467471704 -0.481613226 0.522766907
1548883426.742933750 22.113845198 -12.542136474 2.111468496 -0.537227206 0.466277033 -0.465527795 0.526551545
1548883428.276469707 22.429022850 -12.481710608 2.102616001 -0.543283460 0.452342247 -0.458783800 0.538281524
