1548883672.508643150 0.000000000 0.000000000 1.000000000 -0.707106781 0.000000000 0.000000000 0.707106781
1548883674.875620842 -0.014454958 -0.315850842 1.006962820 -0.694798066 -0.033166175 0.022658346 0.718082343
1548883675.909090996 0.009743415 -0.636323944 1.006482279 -0.696256546 -0.031635580 0.019659253 0.716826008
1548883676.909222841 0.024789728 -0.977428536 1.005914189 -0.694799684 -0.017253632 0.002107114 0.718993234
1548883677.809340954 0.034383388 -1.277767559 1.004988696 -0.705244097 -0.048949221 0.033435863 0.706481974
1548883678.676121950 0.057921593 -1.580023215 1.006755326 -0.706543188 -0.064259859 0.041048167 0.703549885
1548883679.542902946 0.093318904 -1.893899610 1.019220440 -0.705131532 -0.058156546 0.032066807 0.705959673
1548883680.443022013 0.127764241 -2.203691043 1.029420466 -0.712200460 -0.057204052 0.027620017 0.699096085
1548883681.209789038 0.187178520 -2.507967604 1.041449438 -0.702303577 -0.048664946 0.037496519 0.709221700
1548883681.843205929 0.251057753 -2.778710958 1.050741894 -0.685018074 -0.037952556 0.052264504 0.725657125
1548883682.743324995 0.266408395 -3.097897750 1.044519356 -0.694203239 -0.043123060 0.037245816 0.717520044
1548883683.776793957 0.327474996 -3.441051004 1.050047410 -0.713671272 -0.040837891 0.047786304 0.697654679
1548883684.576899052 0.351361549 -3.759938209 1.066424464 -0.703455721 -0.046852978 0.040660979 0.708026505
1548883685.343667030 0.413035265 -4.068403151 1.064419931 -0.692451753 -0.064582431 0.079469585 0.714159831
1548883686.143772840 0.473902121 -4.393184982 1.065012541 -0.677372682 -0.074979572 0.081765220 0.727226761
1548883687.143903971 0.557986457 -4.705237450 1.059604646 -0.704181797 -0.072284076 0.089089658 0.700689690
1548883687.777320862 0.604666749 -4.942189416 1.067389901 -0.700444667 -0.076334879 0.087960419 0.704140057
1548883688.410737991 0.668801277 -5.189427276 1.072550614 -0.695386410 -0.071850622 0.084346204 0.710042918
1548883689.244180918 0.749697596 -5.477681496 1.072065724 -0.697517358 -0.076154827 0.094344404 0.706235875
1548883690.144299984 0.865442693 -5.814019674 1.085342047 -0.689622697 -0.060342623 0.104771626 0.714004349
1548883691.044418097 0.928579670 -6.103271515 1.086829658 -0.709044065 -0.056790785 0.091774681 0.696856319
1548883691.811185837 0.981182447 -6.415960696 1.098903529 -0.696333716 -0.062415414 0.083943820 0.710054299
1548883692.711303949 1.039066063 -6.757900919 1.105893245 -0.687384621 -0.073787399 0.084118858 0.717622338
1548883693.578084946 1.125818470 -7.071325047 1.104189299 -0.690954512 -0.076260665 0.092300633 0.712914277
1548883694.344852924 1.188798306 -7.372619658 1.103382884 -0.678994205 -0.088497181 0.097134430 0.722288045
1548883695.378321886 1.288420504 -7.693882614 1.096798315 -0.689204994 -0.125418587 0.132896429 0.701145629
1548883696.778506994 1.390267949 -7.981768568 1.103310582 -0.701588037 -0.134784690 0.130813657 0.687382790
1548883698.045339823 1.487507625 -8.279962999 1.110251385 -0.690702243 -0.145286692 0.125958381 0.697105928
1548883699.345511913 1.608984397 -8.578530440 1.117583457 -0.688768085 -0.148266543 0.129213072 0.697796202
1548883700.679021120 1.738622206 -8.879742457 1.120413373 -0.688306863 -0.146445439 0.132482310 0.698022803
1548883701.679151773 1.820041537 -9.172073991 1.124156952 -0.661873227 -0.153931701 0.119975597 0.723764270
1548883702.945986032 1.967463393 -9.439216618 1.115263657 -0.671272861 -0.142242719 0.132418342 0.715279762
1548883704.312833071 2.031016811 -9.744611928 1.114076594 -0.668631136 -0.189102602 0.128898616 0.707501065
1548883705.479652882 2.203170367 -9.998346529 1.097327613 -0.663632242 -0.173093779 0.153496466 0.711385708
1548883706.746487141 2.365765064 -10.266870438 1.103006980 -0.634486071 -0.161395922 0.181509046 0.733780109
1548883708.680074930 2.493106922 -10.550143197 1.070468787 -0.659861551 -0.176895759 0.168983435 0.710447199
1548883710.180271864 2.651158552 -10.810617255 1.055777286 -0.654385794 -0.171956098 0.181010605 0.713754505
1548883711.613794088 2.768010781 -11.088554522 1.036360817 -0.639896716 -0.177008870 0.170142608 0.728183731
1548883713.380693913 2.936081859 -11.343190879 1.020037725 -0.654817357 -0.167282926 0.174544374 0.716076053
1548883714.780878067 3.046821688 -11.516437665 1.006385203 -0.669214778 -0.090775729 0.100150522 0.730671760
1548883716.647790909 3.106785994 -11.584895247 1.000960212 -0.673245667 0.006748459 0.007132618 0.739353675
1548883718.314985037 3.163014516 -11.611899777 0.994194277 -0.664975791 0.109428737 -0.088607349 0.733472076
1548883719.952605963 3.192184136 -11.620227642 0.991518501 -0.655364243 0.197068890 -0.182843065 0.705854075
1548883721.520586967 3.198658957 -11.685206248 0.994244777 -0.630934479 0.282865877 -0.275001482 0.668043984
1548883722.583348989 3.225652238 -11.774471247 0.990249734 -0.584298908 0.378206038 -0.361606341 0.620319138
1548883723.748726130 3.218605133 -11.860727300 0.984097946 -0.534965879 0.458172346 -0.434860240 0.561058091
1548883724.882209063 3.298736427 -11.915237241 0.980111313 -0.484530184 0.513380889 -0.492975056 0.508572668
1548883726.982486010 3.517828549 -11.999843131 0.981468025 -0.422377596 0.562582055 -0.551844455 0.447846284
1548883728.749384880 3.800431438 -12.089097357 0.976966789 -0.413227075 0.568023738 -0.554296087 0.446484340
1548883730.682972908 4.090182307 -12.192027136 0.977185888 0.396809115 -0.559298635 0.560174199 -0.464685301
1548883732.283183813 4.388669217 -12.245479115 0.980810615 0.410029883 -0.559624494 0.562871631 -0.449301066
1548883734.216771841 4.690175451 -12.335154881 0.999314740 0.397069629 -0.544246124 0.575691280 -0.463369633
1548883735.916995764 4.999814460 -12.402814202 1.009270872 0.380316517 -0.551477129 0.611283849 -0.421383885
1548883737.517207146 5.301207897 -12.519898774 1.015365262 0.364584250 -0.569464210 0.633248590 -0.376543572
1548883738.550675869 5.515571620 -12.589673862 1.025678720 0.388983269 -0.555898851 0.626367893 -0.383838177
1548883739.450794935 5.772276893 -12.682933924 1.022854896 0.422807562 -0.557720033 0.585252539 -0.409465013
1548883740.217561960 5.963807148 -12.734032988 1.025867877 0.442240371 -0.549522630 0.562630062 -0.431156290
1548883740.450926781 6.020205868 -12.726687935 1.025274727 0.462137806 -0.530356813 0.546913349 -0.453911983
1548883741.917785883 6.328095352 -12.754709367 1.018996167 0.467977679 -0.521541274 0.549937411 -0.454489203
1548883743.217957973 6.647987556 -12.784055783 1.008074206 0.488010536 -0.518471295 0.532231906 -0.457998288
1548883744.484791040 6.964972698 -12.816174600 1.007997709 0.483969067 -0.505607702 0.537720247 -0.470097574
1548883745.784963131 7.282278837 -12.840620378 1.025430787 0.462287278 -0.475475385 0.558195459 -0.498629582
1548883746.818432093 7.593780106 -12.874295795 1.041232193 -0.458817889 0.474095279 -0.553689431 0.508082498
1548883747.685212851 7.883001138 -12.882914009 1.062871203 -0.485280829 0.466251680 -0.528254863 0.517743844
1548883747.918576956 7.972474559 -12.923966459 1.055090519 -0.485683173 0.477847913 -0.506510046 0.528413475
1548883748.852033138 8.265756170 -12.918890235 1.072157126 -0.490071278 0.476033504 -0.498984208 0.533138824
1548883749.752151966 8.500246420 -12.909713018 1.091230476 -0.479280808 0.466224798 -0.511268666 0.539933973
1548883750.785620928 8.818157091 -12.878807421 1.111943713 -0.492191358 0.454520264 -0.505067573 0.544119237
1548883751.852423191 9.141486895 -12.842818556 1.139467925 -0.502541497 0.441442880 -0.489706221 0.559256689
1548883753.019244194 9.447648654 -12.761606307 1.161927815 -0.507180456 0.422938651 -0.511260208 0.550003530
1548883754.052713156 9.752664435 -12.754848395 1.176094589 -0.512357244 0.438558866 -0.487368117 0.554642672
1548883755.619586229 10.057268766 -12.733508248 1.200596668 -0.491787315 0.441194679 -0.497430833 0.562187744
1548883756.919757366 10.336329070 -12.687928290 1.214503624 -0.500587891 0.451528961 -0.504330193 0.539615064
1548883758.586644173 10.652413303 -12.649896974 1.237762096 -0.497662738 0.447566024 -0.514740160 0.535778892
1548883760.053504229 10.933157097 -12.660188044 1.260163418 -0.476300229 0.464984813 -0.524172146 0.531197493
1548883760.853609324 11.161520237 -12.617936757 1.264626856 -0.518037287 0.451040012 -0.492828083 0.534154246
1548883761.253662109 11.272259889 -12.604631169 1.266926524 -0.526200558 0.450870225 -0.485318786 0.533192919
1548883762.853872061 11.577257069 -12.604212454 1.280446989 -0.497194568 0.478637237 -0.517082643 0.506289934
1548883764.387408018 11.900765134 -12.608561228 1.283986792 -0.493915241 0.478676561 -0.513528388 0.513035163
1548883765.820930243 12.204627884 -12.606424839 1.294612031 -0.491284377 0.478367794 -0.514570755 0.514801760
1548883767.254452229 12.521693132 -12.609325581 1.299943593 -0.488796854 0.480592359 -0.513746480 0.515919736
1548883768.687974215 12.823416666 -12.606419199 1.312970964 -0.487257717 0.475219943 -0.513252536 0.522798008
1548883770.154834270 13.136298861 -12.585210883 1.325838094 -0.490975294 0.467515975 -0.517420177 0.522157481
1548883771.455006123 13.439756603 -12.554851830 1.335026647 -0.500750225 0.469269784 -0.521855678 0.506657412
1548883772.655164242 13.692314908 -12.570326494 1.347321520 0.476998722 -0.484069068 0.544794987 -0.491271595
1548883773.955335140 13.981191487 -12.583033898 1.351030733 0.483900072 -0.487884465 0.541025374 -0.484872163
1548883775.255506277 14.304660229 -12.600683650 1.349268427 0.503716250 -0.495748809 0.519996464 -0.479694419
1548883776.689028263 14.609502761 -12.580879054 1.341567468 0.512459632 -0.483754955 0.525057763 -0.477158899
1548883777.855849266 14.867226475 -12.599901095 1.335250211 0.504555148 -0.486098053 0.521749740 -0.486734008
1548883779.356046438 15.172456724 -12.612413575 1.340439346 -0.490358832 0.477919015 -0.528921947 0.501381298
1548883780.756231070 15.482729072 -12.634093360 1.344347998 -0.482420213 0.480855634 -0.525365707 0.509940655
1548883782.156415224 15.795832247 -12.646830295 1.360523714 -0.478181238 0.481156029 -0.523232717 0.515809174
1548883783.556600332 16.106018725 -12.644206568 1.377857667 -0.476273158 0.477722703 -0.527722917 0.516191264
1548883784.890109301 16.427734488 -12.649363098 1.390479800 -0.483605973 0.481992067 -0.517508243 0.515746187
1548883785.923578262 16.696282608 -12.647114151 1.390645168 -0.494924447 0.490948357 -0.506859154 0.507063409
1548883786.823697090 16.928733442 -12.645414651 1.388366418 0.500481626 -0.500724533 0.501628560 -0.497153771
1548883787.757153273 17.154616413 -12.643175956 1.379912077 -0.500169699 0.507038798 -0.502196174 0.490449725
1548883788.957311153 17.406443503 -12.652216060 1.378995204 -0.490734502 0.499072276 -0.508135376 0.501901337
1548883790.557522058 17.719400838 -12.662127460 1.389102677 -0.467370101 0.485553824 -0.533234082 0.511335591
1548883791.757680178 17.996254572 -12.673181111 1.408857857 -0.464915428 0.478336547 -0.532660354 0.520884575
1548883792.557785273 18.209140750 -12.673206457 1.416237148 -0.474280017 0.483056969 -0.527399964 0.513384563
1548883793.657930136 18.494401975 -12.686502899 1.433450764 -0.481817055 0.487059368 -0.514469270 0.515700366
1548883794.991439342 18.798725106 -12.664706936 1.440831011 -0.481067057 0.470403758 -0.528898170 0.517263488
1548883796.058247089 19.101739426 -12.632156871 1.433225821 0.501624447 -0.470707418 0.528441889 -0.497550612
1548883797.158391237 19.419931066 -12.632961090 1.444383154 0.508500434 -0.482530765 0.520060237 -0.487984343
1548883798.425225258 19.730950947 -12.647768752 1.443454883 -0.500974013 0.480167250 -0.518116844 0.500019386
1548883799.625383139 20.068292808 -12.664219569 1.429676278 -0.512880844 0.483851938 -0.488783014 0.513742842
1548883800.958892345 20.391555126 -12.665362951 1.422749503 -0.506655159 0.485062229 -0.482212990 0.524867428
1548883802.392414093 20.699973105 -12.611315151 1.422302656 -0.519575864 0.450309338 -0.470962241 0.552681634
1548883804.092638254 21.013553452 -12.558842828 1.435087371 -0.513268222 0.466708067 -0.489360757 0.528455639
1548883805.692849159 21.323547323 -12.540046044 1.435272475 -0.510843355 0.468012915 -0.487681175 0.531196808
1548883812.827122211 21.632417118 -12.530526103 1.428674399 -0.514012365 0.483043663 -0.473115251 0.527846632
1548883814.894061327 21.953170002 -12.504776144 1.421824752 -0.518073571 0.482630985 -0.467791691 0.528997203
